t0	08-Oct-20  17:40:42.176725
delta t	0.000200

time	Y
08-Oct-20  17:40:42.176725	-3.710937
08-Oct-20  17:40:42.176925	-3.713379
08-Oct-20  17:40:42.177125	3.688965
08-Oct-20  17:40:42.177325	3.688965
08-Oct-20  17:40:42.177525	3.688965
08-Oct-20  17:40:42.177725	3.688965
08-Oct-20  17:40:42.177925	3.688965
08-Oct-20  17:40:42.178125	3.688965
08-Oct-20  17:40:42.178325	-3.713379
08-Oct-20  17:40:42.178525	-3.710937
08-Oct-20  17:40:42.178725	-3.713379
08-Oct-20  17:40:42.178925	-3.713379
08-Oct-20  17:40:42.179125	-3.710937
08-Oct-20  17:40:42.179325	3.688965
08-Oct-20  17:40:42.179525	3.688965
08-Oct-20  17:40:42.179725	3.688965
08-Oct-20  17:40:42.179925	3.688965
08-Oct-20  17:40:42.180125	3.688965
08-Oct-20  17:40:42.180325	-3.710937
08-Oct-20  17:40:42.180525	-3.713379
08-Oct-20  17:40:42.180725	-3.713379
08-Oct-20  17:40:42.180925	-3.713379
08-Oct-20  17:40:42.181125	-3.713379
08-Oct-20  17:40:42.181325	-3.713379
08-Oct-20  17:40:42.181525	3.688965
08-Oct-20  17:40:42.181725	3.688965
08-Oct-20  17:40:42.181925	3.688965
08-Oct-20  17:40:42.182125	3.688965
08-Oct-20  17:40:42.182325	3.688965
08-Oct-20  17:40:42.182525	-3.710937
08-Oct-20  17:40:42.182725	-3.710937
08-Oct-20  17:40:42.182925	-3.713379
08-Oct-20  17:40:42.183125	-3.713379
08-Oct-20  17:40:42.183325	-3.710937
08-Oct-20  17:40:42.183525	3.688965
08-Oct-20  17:40:42.183725	3.688965
08-Oct-20  17:40:42.183925	3.688965
08-Oct-20  17:40:42.184125	3.688965
08-Oct-20  17:40:42.184325	3.688965
08-Oct-20  17:40:42.184525	3.688965
08-Oct-20  17:40:42.184725	-3.710937
08-Oct-20  17:40:42.184925	-3.713379
08-Oct-20  17:40:42.185125	-3.710937
08-Oct-20  17:40:42.185325	-3.713379
08-Oct-20  17:40:42.185525	-3.713379
08-Oct-20  17:40:42.185725	3.688965
08-Oct-20  17:40:42.185925	3.688965
08-Oct-20  17:40:42.186125	3.688965
08-Oct-20  17:40:42.186325	3.688965
08-Oct-20  17:40:42.186525	3.688965
08-Oct-20  17:40:42.186725	-3.710937
08-Oct-20  17:40:42.186925	-3.710937
08-Oct-20  17:40:42.187125	-3.710937
08-Oct-20  17:40:42.187325	-3.713379
08-Oct-20  17:40:42.187525	-3.710937
08-Oct-20  17:40:42.187725	-3.713379
08-Oct-20  17:40:42.187925	3.688965
08-Oct-20  17:40:42.188125	3.688965
08-Oct-20  17:40:42.188325	3.688965
08-Oct-20  17:40:42.188525	3.688965
08-Oct-20  17:40:42.188725	3.688965
08-Oct-20  17:40:42.188925	-3.713379
08-Oct-20  17:40:42.189125	-3.713379
08-Oct-20  17:40:42.189325	-3.710937
08-Oct-20  17:40:42.189525	-3.713379
08-Oct-20  17:40:42.189725	-3.713379
08-Oct-20  17:40:42.189925	3.688965
08-Oct-20  17:40:42.190125	3.688965
08-Oct-20  17:40:42.190325	3.688965
08-Oct-20  17:40:42.190525	3.688965
08-Oct-20  17:40:42.190725	3.688965
08-Oct-20  17:40:42.190925	3.688965
08-Oct-20  17:40:42.191125	-3.710937
08-Oct-20  17:40:42.191325	-3.710937
08-Oct-20  17:40:42.191525	-3.713379
08-Oct-20  17:40:42.191725	-3.710937
08-Oct-20  17:40:42.191925	-3.710937
08-Oct-20  17:40:42.192125	3.688965
08-Oct-20  17:40:42.192325	3.688965
08-Oct-20  17:40:42.192525	3.688965
08-Oct-20  17:40:42.192725	3.688965
08-Oct-20  17:40:42.192925	3.688965
08-Oct-20  17:40:42.193125	-3.713379
08-Oct-20  17:40:42.193325	-3.710937
08-Oct-20  17:40:42.193525	-3.713379
08-Oct-20  17:40:42.193725	-3.713379
08-Oct-20  17:40:42.193925	-3.713379
08-Oct-20  17:40:42.194125	3.688965
08-Oct-20  17:40:42.194325	3.688965
08-Oct-20  17:40:42.194525	3.688965
08-Oct-20  17:40:42.194725	3.688965
08-Oct-20  17:40:42.194925	3.688965
08-Oct-20  17:40:42.195125	3.688965
08-Oct-20  17:40:42.195325	-3.710937
08-Oct-20  17:40:42.195525	-3.710937
08-Oct-20  17:40:42.195725	-3.713379
08-Oct-20  17:40:42.195925	-3.710937
08-Oct-20  17:40:42.196125	-3.710937
08-Oct-20  17:40:42.196325	3.688965
08-Oct-20  17:40:42.196525	3.688965
08-Oct-20  17:40:42.196725	3.688965
08-Oct-20  17:40:42.196925	3.688965
08-Oct-20  17:40:42.197125	3.688965
08-Oct-20  17:40:42.197325	-3.713379
08-Oct-20  17:40:42.197525	-3.713379
08-Oct-20  17:40:42.197725	-3.713379
08-Oct-20  17:40:42.197925	-3.713379
08-Oct-20  17:40:42.198125	-3.713379
08-Oct-20  17:40:42.198325	-3.713379
08-Oct-20  17:40:42.198525	3.688965
08-Oct-20  17:40:42.198725	3.688965
08-Oct-20  17:40:42.198925	3.688965
08-Oct-20  17:40:42.199125	3.688965
08-Oct-20  17:40:42.199325	3.688965
08-Oct-20  17:40:42.199525	-3.710937
08-Oct-20  17:40:42.199725	-3.713379
08-Oct-20  17:40:42.199925	-3.710937
08-Oct-20  17:40:42.200125	-3.713379
08-Oct-20  17:40:42.200325	-3.713379
08-Oct-20  17:40:42.200525	3.688965
08-Oct-20  17:40:42.200725	3.688965
08-Oct-20  17:40:42.200925	3.688965
08-Oct-20  17:40:42.201125	3.688965
08-Oct-20  17:40:42.201325	3.688965
08-Oct-20  17:40:42.201525	3.688965
08-Oct-20  17:40:42.201725	-3.713379
08-Oct-20  17:40:42.201925	-3.713379
08-Oct-20  17:40:42.202125	-3.710937
08-Oct-20  17:40:42.202325	-3.710937
08-Oct-20  17:40:42.202525	-3.713379
08-Oct-20  17:40:42.202725	3.688965
08-Oct-20  17:40:42.202925	3.688965
08-Oct-20  17:40:42.203125	3.688965
08-Oct-20  17:40:42.203325	3.688965
08-Oct-20  17:40:42.203525	3.688965
08-Oct-20  17:40:42.203725	-3.710937
08-Oct-20  17:40:42.203925	-3.713379
08-Oct-20  17:40:42.204125	-3.713379
08-Oct-20  17:40:42.204325	-3.710937
08-Oct-20  17:40:42.204525	-3.713379
08-Oct-20  17:40:42.204725	-3.713379
08-Oct-20  17:40:42.204925	3.688965
08-Oct-20  17:40:42.205125	3.688965
08-Oct-20  17:40:42.205325	3.688965
08-Oct-20  17:40:42.205525	3.688965
08-Oct-20  17:40:42.205725	3.688965
08-Oct-20  17:40:42.205925	-3.713379
08-Oct-20  17:40:42.206125	-3.713379
08-Oct-20  17:40:42.206325	-3.713379
08-Oct-20  17:40:42.206525	-3.710937
08-Oct-20  17:40:42.206725	-3.713379
08-Oct-20  17:40:42.206925	3.688965
08-Oct-20  17:40:42.207125	3.688965
08-Oct-20  17:40:42.207325	3.688965
08-Oct-20  17:40:42.207525	3.688965
08-Oct-20  17:40:42.207725	3.688965
08-Oct-20  17:40:42.207925	-3.710937
08-Oct-20  17:40:42.208125	-3.713379
08-Oct-20  17:40:42.208325	-3.713379
08-Oct-20  17:40:42.208525	-3.713379
08-Oct-20  17:40:42.208725	-3.713379
08-Oct-20  17:40:42.208925	-3.713379
08-Oct-20  17:40:42.209125	3.688965
08-Oct-20  17:40:42.209325	3.688965
08-Oct-20  17:40:42.209525	3.688965
08-Oct-20  17:40:42.209725	3.688965
08-Oct-20  17:40:42.209925	3.688965
08-Oct-20  17:40:42.210125	-3.710937
08-Oct-20  17:40:42.210325	-3.710937
08-Oct-20  17:40:42.210525	-3.713379
08-Oct-20  17:40:42.210725	-3.710937
08-Oct-20  17:40:42.210925	-3.710937
08-Oct-20  17:40:42.211125	3.688965
08-Oct-20  17:40:42.211325	3.688965
08-Oct-20  17:40:42.211525	3.688965
08-Oct-20  17:40:42.211725	3.688965
08-Oct-20  17:40:42.211925	3.688965
08-Oct-20  17:40:42.212125	3.688965
08-Oct-20  17:40:42.212325	-3.713379
08-Oct-20  17:40:42.212525	-3.710937
08-Oct-20  17:40:42.212725	-3.710937
08-Oct-20  17:40:42.212925	-3.713379
08-Oct-20  17:40:42.213125	-3.713379
08-Oct-20  17:40:42.213325	3.688965
08-Oct-20  17:40:42.213525	3.688965
08-Oct-20  17:40:42.213725	3.688965
08-Oct-20  17:40:42.213925	3.688965
08-Oct-20  17:40:42.214125	3.688965
08-Oct-20  17:40:42.214325	-3.710937
08-Oct-20  17:40:42.214525	-3.710937
08-Oct-20  17:40:42.214725	-3.710937
08-Oct-20  17:40:42.214925	-3.713379
08-Oct-20  17:40:42.215125	-3.713379
08-Oct-20  17:40:42.215325	-3.710937
08-Oct-20  17:40:42.215525	3.688965
08-Oct-20  17:40:42.215725	3.688965
08-Oct-20  17:40:42.215925	3.688965
08-Oct-20  17:40:42.216125	3.688965
08-Oct-20  17:40:42.216325	3.688965
08-Oct-20  17:40:42.216525	-3.710937
08-Oct-20  17:40:42.216725	-3.713379
08-Oct-20  17:40:42.216925	-3.713379
08-Oct-20  17:40:42.217125	-3.710937
08-Oct-20  17:40:42.217325	-3.713379
08-Oct-20  17:40:42.217525	3.688965
08-Oct-20  17:40:42.217725	3.688965
08-Oct-20  17:40:42.217925	3.688965
08-Oct-20  17:40:42.218125	3.688965
08-Oct-20  17:40:42.218325	3.688965
08-Oct-20  17:40:42.218525	3.688965
08-Oct-20  17:40:42.218725	-3.710937
08-Oct-20  17:40:42.218925	-3.713379
08-Oct-20  17:40:42.219125	-3.710937
08-Oct-20  17:40:42.219325	-3.713379
08-Oct-20  17:40:42.219525	-3.713379
08-Oct-20  17:40:42.219725	3.688965
08-Oct-20  17:40:42.219925	3.688965
08-Oct-20  17:40:42.220125	3.688965
08-Oct-20  17:40:42.220325	3.688965
08-Oct-20  17:40:42.220525	3.688965
08-Oct-20  17:40:42.220725	-3.713379
08-Oct-20  17:40:42.220925	-3.710937
08-Oct-20  17:40:42.221125	-3.710937
08-Oct-20  17:40:42.221325	-3.713379
08-Oct-20  17:40:42.221525	-3.710937
08-Oct-20  17:40:42.221725	3.688965
08-Oct-20  17:40:42.221925	3.688965
08-Oct-20  17:40:42.222125	3.688965
08-Oct-20  17:40:42.222325	3.688965
08-Oct-20  17:40:42.222525	3.688965
08-Oct-20  17:40:42.222725	3.688965
08-Oct-20  17:40:42.222925	-3.710937
08-Oct-20  17:40:42.223125	-3.710937
08-Oct-20  17:40:42.223325	-3.713379
08-Oct-20  17:40:42.223525	-3.710937
08-Oct-20  17:40:42.223725	-3.713379
08-Oct-20  17:40:42.223925	3.688965
08-Oct-20  17:40:42.224125	3.688965
08-Oct-20  17:40:42.224325	3.688965
08-Oct-20  17:40:42.224525	3.688965
08-Oct-20  17:40:42.224725	3.688965
08-Oct-20  17:40:42.224925	-3.713379
08-Oct-20  17:40:42.225125	-3.710937
08-Oct-20  17:40:42.225325	-3.710937
08-Oct-20  17:40:42.225525	-3.713379
08-Oct-20  17:40:42.225725	-3.710937
08-Oct-20  17:40:42.225925	-3.713379
08-Oct-20  17:40:42.226125	3.688965
08-Oct-20  17:40:42.226325	3.688965
08-Oct-20  17:40:42.226525	3.688965
08-Oct-20  17:40:42.226725	3.688965
08-Oct-20  17:40:42.226925	3.688965
08-Oct-20  17:40:42.227125	-3.713379
08-Oct-20  17:40:42.227325	-3.713379
08-Oct-20  17:40:42.227525	-3.710937
08-Oct-20  17:40:42.227725	-3.713379
08-Oct-20  17:40:42.227925	-3.713379
08-Oct-20  17:40:42.228125	3.688965
08-Oct-20  17:40:42.228325	3.688965
08-Oct-20  17:40:42.228525	3.688965
08-Oct-20  17:40:42.228725	3.688965
08-Oct-20  17:40:42.228925	3.688965
08-Oct-20  17:40:42.229125	3.688965
08-Oct-20  17:40:42.229325	-3.710937
08-Oct-20  17:40:42.229525	-3.713379
08-Oct-20  17:40:42.229725	-3.710937
08-Oct-20  17:40:42.229925	-3.710937
08-Oct-20  17:40:42.230125	-3.710937
08-Oct-20  17:40:42.230325	3.688965
08-Oct-20  17:40:42.230525	3.688965
08-Oct-20  17:40:42.230725	3.688965
08-Oct-20  17:40:42.230925	3.688965
08-Oct-20  17:40:42.231125	3.688965
08-Oct-20  17:40:42.231325	-3.710937
08-Oct-20  17:40:42.231525	-3.713379
08-Oct-20  17:40:42.231725	-3.713379
08-Oct-20  17:40:42.231925	-3.713379
08-Oct-20  17:40:42.232125	-3.713379
08-Oct-20  17:40:42.232325	-3.710937
08-Oct-20  17:40:42.232525	3.686523
08-Oct-20  17:40:42.232725	3.688965
08-Oct-20  17:40:42.232925	3.688965
08-Oct-20  17:40:42.233125	3.688965
08-Oct-20  17:40:42.233325	3.688965
08-Oct-20  17:40:42.233525	-3.710937
08-Oct-20  17:40:42.233725	-3.713379
08-Oct-20  17:40:42.233925	-3.710937
08-Oct-20  17:40:42.234125	-3.713379
08-Oct-20  17:40:42.234325	-3.713379
08-Oct-20  17:40:42.234525	3.688965
08-Oct-20  17:40:42.234725	3.688965
08-Oct-20  17:40:42.234925	3.688965
08-Oct-20  17:40:42.235125	3.688965
08-Oct-20  17:40:42.235325	3.688965
08-Oct-20  17:40:42.235525	-3.710937
08-Oct-20  17:40:42.235725	-3.713379
08-Oct-20  17:40:42.235925	-3.710937
08-Oct-20  17:40:42.236125	-3.713379
08-Oct-20  17:40:42.236325	-3.713379
08-Oct-20  17:40:42.236525	-3.710937
08-Oct-20  17:40:42.236725	3.688965
08-Oct-20  17:40:42.236925	3.688965
08-Oct-20  17:40:42.237125	3.688965
08-Oct-20  17:40:42.237325	3.688965
08-Oct-20  17:40:42.237525	3.688965
08-Oct-20  17:40:42.237725	-3.710937
08-Oct-20  17:40:42.237925	-3.710937
08-Oct-20  17:40:42.238125	-3.713379
08-Oct-20  17:40:42.238325	-3.710937
08-Oct-20  17:40:42.238525	-3.713379
08-Oct-20  17:40:42.238725	3.688965
08-Oct-20  17:40:42.238925	3.688965
08-Oct-20  17:40:42.239125	3.688965
08-Oct-20  17:40:42.239325	3.688965
08-Oct-20  17:40:42.239525	3.688965
08-Oct-20  17:40:42.239725	3.688965
08-Oct-20  17:40:42.239925	-3.710937
08-Oct-20  17:40:42.240125	-3.713379
08-Oct-20  17:40:42.240325	-3.710937
08-Oct-20  17:40:42.240525	-3.713379
08-Oct-20  17:40:42.240725	-3.710937
08-Oct-20  17:40:42.240925	3.688965
08-Oct-20  17:40:42.241125	3.688965
08-Oct-20  17:40:42.241325	3.688965
08-Oct-20  17:40:42.241525	3.688965
08-Oct-20  17:40:42.241725	3.688965
08-Oct-20  17:40:42.241925	-3.710937
08-Oct-20  17:40:42.242125	-3.710937
08-Oct-20  17:40:42.242325	-3.710937
08-Oct-20  17:40:42.242525	-3.713379
08-Oct-20  17:40:42.242725	-3.713379
08-Oct-20  17:40:42.242925	-3.710937
08-Oct-20  17:40:42.243125	3.688965
08-Oct-20  17:40:42.243325	3.688965
08-Oct-20  17:40:42.243525	3.688965
08-Oct-20  17:40:42.243725	3.688965
08-Oct-20  17:40:42.243925	3.688965
08-Oct-20  17:40:42.244125	-3.710937
08-Oct-20  17:40:42.244325	-3.710937
08-Oct-20  17:40:42.244525	-3.713379
08-Oct-20  17:40:42.244725	-3.710937
08-Oct-20  17:40:42.244925	-3.710937
08-Oct-20  17:40:42.245125	3.688965
08-Oct-20  17:40:42.245325	3.688965
08-Oct-20  17:40:42.245525	3.688965
08-Oct-20  17:40:42.245725	3.688965
08-Oct-20  17:40:42.245925	3.688965
08-Oct-20  17:40:42.246125	3.688965
08-Oct-20  17:40:42.246325	-3.710937
08-Oct-20  17:40:42.246525	-3.713379
08-Oct-20  17:40:42.246725	-3.710937
08-Oct-20  17:40:42.246925	-3.713379
08-Oct-20  17:40:42.247125	-3.713379
08-Oct-20  17:40:42.247325	3.688965
08-Oct-20  17:40:42.247525	3.688965
08-Oct-20  17:40:42.247725	3.688965
08-Oct-20  17:40:42.247925	3.688965
08-Oct-20  17:40:42.248125	3.688965
08-Oct-20  17:40:42.248325	-3.710937
08-Oct-20  17:40:42.248525	-3.710937
08-Oct-20  17:40:42.248725	-3.710937
08-Oct-20  17:40:42.248925	-3.710937
08-Oct-20  17:40:42.249125	-3.710937
08-Oct-20  17:40:42.249325	3.688965
08-Oct-20  17:40:42.249525	3.688965
08-Oct-20  17:40:42.249725	3.688965
08-Oct-20  17:40:42.249925	3.688965
08-Oct-20  17:40:42.250125	3.688965
08-Oct-20  17:40:42.250325	3.688965
08-Oct-20  17:40:42.250525	-3.713379
08-Oct-20  17:40:42.250725	-3.713379
08-Oct-20  17:40:42.250925	-3.710937
08-Oct-20  17:40:42.251125	-3.713379
08-Oct-20  17:40:42.251325	-3.713379
08-Oct-20  17:40:42.251525	3.688965
08-Oct-20  17:40:42.251725	3.688965
08-Oct-20  17:40:42.251925	3.688965
08-Oct-20  17:40:42.252125	3.688965
08-Oct-20  17:40:42.252325	3.688965
08-Oct-20  17:40:42.252525	-3.710937
08-Oct-20  17:40:42.252725	-3.710937
08-Oct-20  17:40:42.252925	-3.710937
08-Oct-20  17:40:42.253125	-3.713379
08-Oct-20  17:40:42.253325	-3.710937
08-Oct-20  17:40:42.253525	-3.710937
08-Oct-20  17:40:42.253725	3.688965
08-Oct-20  17:40:42.253925	3.688965
08-Oct-20  17:40:42.254125	3.688965
08-Oct-20  17:40:42.254325	3.688965
08-Oct-20  17:40:42.254525	3.688965
08-Oct-20  17:40:42.254725	-3.713379
08-Oct-20  17:40:42.254925	-3.713379
08-Oct-20  17:40:42.255125	-3.713379
08-Oct-20  17:40:42.255325	-3.713379
08-Oct-20  17:40:42.255525	-3.710937
08-Oct-20  17:40:42.255725	3.688965
08-Oct-20  17:40:42.255925	3.688965
08-Oct-20  17:40:42.256125	3.688965
08-Oct-20  17:40:42.256325	3.688965
08-Oct-20  17:40:42.256525	3.688965
08-Oct-20  17:40:42.256725	3.688965
08-Oct-20  17:40:42.256925	-3.710937
08-Oct-20  17:40:42.257125	-3.710937
08-Oct-20  17:40:42.257325	-3.710937
08-Oct-20  17:40:42.257525	-3.710937
08-Oct-20  17:40:42.257725	-3.710937
08-Oct-20  17:40:42.257925	3.686523
08-Oct-20  17:40:42.258125	3.688965
08-Oct-20  17:40:42.258325	3.688965
08-Oct-20  17:40:42.258525	3.688965
08-Oct-20  17:40:42.258725	3.688965
08-Oct-20  17:40:42.258925	-3.713379
08-Oct-20  17:40:42.259125	-3.710937
08-Oct-20  17:40:42.259325	-3.713379
08-Oct-20  17:40:42.259525	-3.710937
08-Oct-20  17:40:42.259725	-3.710937
08-Oct-20  17:40:42.259925	-3.713379
08-Oct-20  17:40:42.260125	3.688965
08-Oct-20  17:40:42.260325	3.688965
08-Oct-20  17:40:42.260525	3.688965
08-Oct-20  17:40:42.260725	3.688965
08-Oct-20  17:40:42.260925	3.688965
08-Oct-20  17:40:42.261125	-3.710937
08-Oct-20  17:40:42.261325	-3.713379
08-Oct-20  17:40:42.261525	-3.713379
08-Oct-20  17:40:42.261725	-3.713379
08-Oct-20  17:40:42.261925	-3.713379
08-Oct-20  17:40:42.262125	3.688965
08-Oct-20  17:40:42.262325	3.688965
08-Oct-20  17:40:42.262525	3.688965
08-Oct-20  17:40:42.262725	3.688965
08-Oct-20  17:40:42.262925	3.688965
08-Oct-20  17:40:42.263125	-3.713379
08-Oct-20  17:40:42.263325	-3.710937
08-Oct-20  17:40:42.263525	-3.713379
08-Oct-20  17:40:42.263725	-3.713379
08-Oct-20  17:40:42.263925	-3.710937
08-Oct-20  17:40:42.264125	-3.710937
08-Oct-20  17:40:42.264325	3.688965
08-Oct-20  17:40:42.264525	3.688965
08-Oct-20  17:40:42.264725	3.688965
08-Oct-20  17:40:42.264925	3.688965
08-Oct-20  17:40:42.265125	3.688965
08-Oct-20  17:40:42.265325	-3.710937
08-Oct-20  17:40:42.265525	-3.713379
08-Oct-20  17:40:42.265725	-3.713379
08-Oct-20  17:40:42.265925	-3.713379
08-Oct-20  17:40:42.266125	-3.713379
08-Oct-20  17:40:42.266325	3.688965
08-Oct-20  17:40:42.266525	3.688965
08-Oct-20  17:40:42.266725	3.688965
08-Oct-20  17:40:42.266925	3.688965
08-Oct-20  17:40:42.267125	3.688965
08-Oct-20  17:40:42.267325	3.688965
08-Oct-20  17:40:42.267525	-3.710937
08-Oct-20  17:40:42.267725	-3.713379
08-Oct-20  17:40:42.267925	-3.710937
08-Oct-20  17:40:42.268125	-3.710937
08-Oct-20  17:40:42.268325	-3.713379
08-Oct-20  17:40:42.268525	3.688965
08-Oct-20  17:40:42.268725	3.688965
08-Oct-20  17:40:42.268925	3.688965
08-Oct-20  17:40:42.269125	3.688965
08-Oct-20  17:40:42.269325	3.688965
08-Oct-20  17:40:42.269525	-3.710937
08-Oct-20  17:40:42.269725	-3.713379
08-Oct-20  17:40:42.269925	-3.713379
08-Oct-20  17:40:42.270125	-3.710937
08-Oct-20  17:40:42.270325	-3.713379
08-Oct-20  17:40:42.270525	-3.713379
08-Oct-20  17:40:42.270725	3.688965
08-Oct-20  17:40:42.270925	3.688965
08-Oct-20  17:40:42.271125	3.688965
08-Oct-20  17:40:42.271325	3.688965
08-Oct-20  17:40:42.271525	3.688965
08-Oct-20  17:40:42.271725	-3.710937
08-Oct-20  17:40:42.271925	-3.713379
08-Oct-20  17:40:42.272125	-3.710937
08-Oct-20  17:40:42.272325	-3.713379
08-Oct-20  17:40:42.272525	-3.710937
08-Oct-20  17:40:42.272725	3.688965
08-Oct-20  17:40:42.272925	3.688965
08-Oct-20  17:40:42.273125	3.688965
08-Oct-20  17:40:42.273325	3.688965
08-Oct-20  17:40:42.273525	3.688965
08-Oct-20  17:40:42.273725	3.688965
08-Oct-20  17:40:42.273925	-3.710937
08-Oct-20  17:40:42.274125	-3.710937
08-Oct-20  17:40:42.274325	-3.713379
08-Oct-20  17:40:42.274525	-3.710937
08-Oct-20  17:40:42.274725	-3.713379
08-Oct-20  17:40:42.274925	3.688965
08-Oct-20  17:40:42.275125	3.688965
08-Oct-20  17:40:42.275325	3.688965
08-Oct-20  17:40:42.275525	3.688965
08-Oct-20  17:40:42.275725	3.688965
08-Oct-20  17:40:42.275925	-3.710937
08-Oct-20  17:40:42.276125	-3.710937
08-Oct-20  17:40:42.276325	-3.713379
08-Oct-20  17:40:42.276525	-3.710937
08-Oct-20  17:40:42.276725	-3.713379
08-Oct-20  17:40:42.276925	3.688965
08-Oct-20  17:40:42.277125	3.688965
08-Oct-20  17:40:42.277325	3.688965
08-Oct-20  17:40:42.277525	3.688965
08-Oct-20  17:40:42.277725	3.688965
08-Oct-20  17:40:42.277925	3.688965
08-Oct-20  17:40:42.278125	-3.710937
08-Oct-20  17:40:42.278325	-3.713379
08-Oct-20  17:40:42.278525	-3.713379
08-Oct-20  17:40:42.278725	-3.710937
08-Oct-20  17:40:42.278925	-3.710937
08-Oct-20  17:40:42.279125	3.688965
08-Oct-20  17:40:42.279325	3.688965
08-Oct-20  17:40:42.279525	3.688965
08-Oct-20  17:40:42.279725	3.688965
08-Oct-20  17:40:42.279925	3.688965
08-Oct-20  17:40:42.280125	-3.713379
08-Oct-20  17:40:42.280325	-3.713379
08-Oct-20  17:40:42.280525	-3.710937
08-Oct-20  17:40:42.280725	-3.713379
08-Oct-20  17:40:42.280925	-3.713379
08-Oct-20  17:40:42.281125	-3.713379
08-Oct-20  17:40:42.281325	3.688965
08-Oct-20  17:40:42.281525	3.688965
08-Oct-20  17:40:42.281725	3.688965
08-Oct-20  17:40:42.281925	3.688965
08-Oct-20  17:40:42.282125	3.688965
08-Oct-20  17:40:42.282325	-3.710937
08-Oct-20  17:40:42.282525	-3.710937
08-Oct-20  17:40:42.282725	-3.710937
08-Oct-20  17:40:42.282925	-3.710937
08-Oct-20  17:40:42.283125	-3.713379
08-Oct-20  17:40:42.283325	3.688965
08-Oct-20  17:40:42.283525	3.688965
08-Oct-20  17:40:42.283725	3.688965
08-Oct-20  17:40:42.283925	3.688965
08-Oct-20  17:40:42.284125	3.688965
08-Oct-20  17:40:42.284325	3.688965
08-Oct-20  17:40:42.284525	-3.710937
08-Oct-20  17:40:42.284725	-3.713379
08-Oct-20  17:40:42.284925	-3.710937
08-Oct-20  17:40:42.285125	-3.713379
08-Oct-20  17:40:42.285325	-3.710937
08-Oct-20  17:40:42.285525	3.688965
08-Oct-20  17:40:42.285725	3.688965
08-Oct-20  17:40:42.285925	3.688965
08-Oct-20  17:40:42.286125	3.688965
08-Oct-20  17:40:42.286325	3.688965
08-Oct-20  17:40:42.286525	-3.710937
08-Oct-20  17:40:42.286725	-3.713379
08-Oct-20  17:40:42.286925	-3.713379
08-Oct-20  17:40:42.287125	-3.710937
08-Oct-20  17:40:42.287325	-3.710937
08-Oct-20  17:40:42.287525	-3.713379
08-Oct-20  17:40:42.287725	3.688965
08-Oct-20  17:40:42.287925	3.688965
08-Oct-20  17:40:42.288125	3.688965
08-Oct-20  17:40:42.288325	3.688965
08-Oct-20  17:40:42.288525	3.688965
08-Oct-20  17:40:42.288725	-3.713379
08-Oct-20  17:40:42.288925	-3.713379
08-Oct-20  17:40:42.289125	-3.713379
08-Oct-20  17:40:42.289325	-3.710937
08-Oct-20  17:40:42.289525	-3.713379
08-Oct-20  17:40:42.289725	3.688965
08-Oct-20  17:40:42.289925	3.688965
08-Oct-20  17:40:42.290125	3.688965
08-Oct-20  17:40:42.290325	3.688965
08-Oct-20  17:40:42.290525	3.688965
08-Oct-20  17:40:42.290725	-3.710937
08-Oct-20  17:40:42.290925	-3.710937
08-Oct-20  17:40:42.291125	-3.713379
08-Oct-20  17:40:42.291325	-3.713379
08-Oct-20  17:40:42.291525	-3.710937
08-Oct-20  17:40:42.291725	-3.713379
08-Oct-20  17:40:42.291925	3.688965
08-Oct-20  17:40:42.292125	3.688965
08-Oct-20  17:40:42.292325	3.688965
08-Oct-20  17:40:42.292525	3.688965
08-Oct-20  17:40:42.292725	3.688965
08-Oct-20  17:40:42.292925	-3.710937
08-Oct-20  17:40:42.293125	-3.713379
08-Oct-20  17:40:42.293325	-3.713379
08-Oct-20  17:40:42.293525	-3.710937
08-Oct-20  17:40:42.293725	-3.713379
08-Oct-20  17:40:42.293925	3.688965
08-Oct-20  17:40:42.294125	3.688965
08-Oct-20  17:40:42.294325	3.688965
08-Oct-20  17:40:42.294525	3.688965
08-Oct-20  17:40:42.294725	3.688965
08-Oct-20  17:40:42.294925	3.688965
08-Oct-20  17:40:42.295125	-3.710937
08-Oct-20  17:40:42.295325	-3.710937
08-Oct-20  17:40:42.295525	-3.710937
08-Oct-20  17:40:42.295725	-3.710937
08-Oct-20  17:40:42.295925	-3.710937
08-Oct-20  17:40:42.296125	3.688965
08-Oct-20  17:40:42.296325	3.688965
08-Oct-20  17:40:42.296525	3.688965
08-Oct-20  17:40:42.296725	3.688965
08-Oct-20  17:40:42.296925	3.688965
08-Oct-20  17:40:42.297125	-3.713379
08-Oct-20  17:40:42.297325	-3.713379
08-Oct-20  17:40:42.297525	-3.710937
08-Oct-20  17:40:42.297725	-3.713379
08-Oct-20  17:40:42.297925	-3.713379
08-Oct-20  17:40:42.298125	-3.713379
08-Oct-20  17:40:42.298325	3.688965
08-Oct-20  17:40:42.298525	3.688965
08-Oct-20  17:40:42.298725	3.688965
08-Oct-20  17:40:42.298925	3.688965
08-Oct-20  17:40:42.299125	3.688965
08-Oct-20  17:40:42.299325	-3.713379
08-Oct-20  17:40:42.299525	-3.710937
08-Oct-20  17:40:42.299725	-3.713379
08-Oct-20  17:40:42.299925	-3.713379
08-Oct-20  17:40:42.300125	-3.710937
08-Oct-20  17:40:42.300325	3.688965
08-Oct-20  17:40:42.300525	3.688965
08-Oct-20  17:40:42.300725	3.688965
08-Oct-20  17:40:42.300925	3.688965
08-Oct-20  17:40:42.301125	3.688965
08-Oct-20  17:40:42.301325	3.688965
08-Oct-20  17:40:42.301525	-3.710937
08-Oct-20  17:40:42.301725	-3.710937
08-Oct-20  17:40:42.301925	-3.713379
08-Oct-20  17:40:42.302125	-3.710937
08-Oct-20  17:40:42.302325	-3.713379
08-Oct-20  17:40:42.302525	3.688965
08-Oct-20  17:40:42.302725	3.688965
08-Oct-20  17:40:42.302925	3.688965
08-Oct-20  17:40:42.303125	3.688965
08-Oct-20  17:40:42.303325	3.688965
08-Oct-20  17:40:42.303525	-3.710937
08-Oct-20  17:40:42.303725	-3.713379
08-Oct-20  17:40:42.303925	-3.710937
08-Oct-20  17:40:42.304125	-3.713379
08-Oct-20  17:40:42.304325	-3.713379
08-Oct-20  17:40:42.304525	3.686523
08-Oct-20  17:40:42.304725	3.688965
08-Oct-20  17:40:42.304925	3.688965
08-Oct-20  17:40:42.305125	3.688965
08-Oct-20  17:40:42.305325	3.688965
08-Oct-20  17:40:42.305525	3.688965
08-Oct-20  17:40:42.305725	-3.710937
08-Oct-20  17:40:42.305925	-3.710937
08-Oct-20  17:40:42.306125	-3.713379
08-Oct-20  17:40:42.306325	-3.710937
08-Oct-20  17:40:42.306525	-3.713379
08-Oct-20  17:40:42.306725	3.688965
08-Oct-20  17:40:42.306925	3.688965
08-Oct-20  17:40:42.307125	3.688965
08-Oct-20  17:40:42.307325	3.688965
08-Oct-20  17:40:42.307525	3.688965
08-Oct-20  17:40:42.307725	-3.713379
08-Oct-20  17:40:42.307925	-3.710937
08-Oct-20  17:40:42.308125	-3.713379
08-Oct-20  17:40:42.308325	-3.713379
08-Oct-20  17:40:42.308525	-3.713379
08-Oct-20  17:40:42.308725	-3.713379
08-Oct-20  17:40:42.308925	3.686523
08-Oct-20  17:40:42.309125	3.688965
08-Oct-20  17:40:42.309325	3.688965
08-Oct-20  17:40:42.309525	3.688965
08-Oct-20  17:40:42.309725	3.688965
08-Oct-20  17:40:42.309925	-3.710937
08-Oct-20  17:40:42.310125	-3.710937
08-Oct-20  17:40:42.310325	-3.710937
08-Oct-20  17:40:42.310525	-3.713379
08-Oct-20  17:40:42.310725	-3.710937
08-Oct-20  17:40:42.310925	3.688965
08-Oct-20  17:40:42.311125	3.688965
08-Oct-20  17:40:42.311325	3.688965
08-Oct-20  17:40:42.311525	3.688965
08-Oct-20  17:40:42.311725	3.688965
08-Oct-20  17:40:42.311925	3.688965
08-Oct-20  17:40:42.312125	-3.713379
08-Oct-20  17:40:42.312325	-3.713379
08-Oct-20  17:40:42.312525	-3.713379
08-Oct-20  17:40:42.312725	-3.713379
08-Oct-20  17:40:42.312925	-3.710937
08-Oct-20  17:40:42.313125	3.688965
08-Oct-20  17:40:42.313325	3.688965
08-Oct-20  17:40:42.313525	3.688965
08-Oct-20  17:40:42.313725	3.688965
08-Oct-20  17:40:42.313925	3.688965
08-Oct-20  17:40:42.314125	-3.710937
08-Oct-20  17:40:42.314325	-3.713379
08-Oct-20  17:40:42.314525	-3.710937
08-Oct-20  17:40:42.314725	-3.710937
08-Oct-20  17:40:42.314925	-3.713379
08-Oct-20  17:40:42.315125	-3.713379
08-Oct-20  17:40:42.315325	3.688965
08-Oct-20  17:40:42.315525	3.688965
08-Oct-20  17:40:42.315725	3.688965
08-Oct-20  17:40:42.315925	3.688965
08-Oct-20  17:40:42.316125	3.688965
08-Oct-20  17:40:42.316325	-3.710937
08-Oct-20  17:40:42.316525	-3.713379
08-Oct-20  17:40:42.316725	-3.710937
08-Oct-20  17:40:42.316925	-3.710937
08-Oct-20  17:40:42.317125	-3.713379
08-Oct-20  17:40:42.317325	3.688965
08-Oct-20  17:40:42.317525	3.688965
08-Oct-20  17:40:42.317725	3.688965
08-Oct-20  17:40:42.317925	3.688965
08-Oct-20  17:40:42.318125	3.688965
08-Oct-20  17:40:42.318325	-3.713379
08-Oct-20  17:40:42.318525	-3.710937
08-Oct-20  17:40:42.318725	-3.710937
08-Oct-20  17:40:42.318925	-3.710937
08-Oct-20  17:40:42.319125	-3.710937
08-Oct-20  17:40:42.319325	-3.710937
08-Oct-20  17:40:42.319525	3.688965
08-Oct-20  17:40:42.319725	3.688965
08-Oct-20  17:40:42.319925	3.688965
08-Oct-20  17:40:42.320125	3.688965
08-Oct-20  17:40:42.320325	3.688965
08-Oct-20  17:40:42.320525	-3.710937
08-Oct-20  17:40:42.320725	-3.713379
08-Oct-20  17:40:42.320925	-3.710937
08-Oct-20  17:40:42.321125	-3.713379
08-Oct-20  17:40:42.321325	-3.710937
08-Oct-20  17:40:42.321525	3.688965
08-Oct-20  17:40:42.321725	3.688965
08-Oct-20  17:40:42.321925	3.688965
08-Oct-20  17:40:42.322125	3.688965
08-Oct-20  17:40:42.322325	3.688965
08-Oct-20  17:40:42.322525	3.688965
08-Oct-20  17:40:42.322725	-3.710937
08-Oct-20  17:40:42.322925	-3.713379
08-Oct-20  17:40:42.323125	-3.713379
08-Oct-20  17:40:42.323325	-3.710937
08-Oct-20  17:40:42.323525	-3.713379
08-Oct-20  17:40:42.323725	3.688965
08-Oct-20  17:40:42.323925	3.688965
08-Oct-20  17:40:42.324125	3.688965
08-Oct-20  17:40:42.324325	3.688965
08-Oct-20  17:40:42.324525	3.688965
08-Oct-20  17:40:42.324725	-3.710937
08-Oct-20  17:40:42.324925	-3.713379
08-Oct-20  17:40:42.325125	-3.710937
08-Oct-20  17:40:42.325325	-3.710937
08-Oct-20  17:40:42.325525	-3.710937
08-Oct-20  17:40:42.325725	-3.713379
08-Oct-20  17:40:42.325925	3.688965
08-Oct-20  17:40:42.326125	3.688965
08-Oct-20  17:40:42.326325	3.688965
08-Oct-20  17:40:42.326525	3.688965
08-Oct-20  17:40:42.326725	3.688965
08-Oct-20  17:40:42.326925	-3.713379
08-Oct-20  17:40:42.327125	-3.713379
08-Oct-20  17:40:42.327325	-3.713379
08-Oct-20  17:40:42.327525	-3.713379
08-Oct-20  17:40:42.327725	-3.713379
08-Oct-20  17:40:42.327925	3.688965
08-Oct-20  17:40:42.328125	3.688965
08-Oct-20  17:40:42.328325	3.688965
08-Oct-20  17:40:42.328525	3.688965
08-Oct-20  17:40:42.328725	3.688965
08-Oct-20  17:40:42.328925	3.688965
08-Oct-20  17:40:42.329125	-3.710937
08-Oct-20  17:40:42.329325	-3.710937
08-Oct-20  17:40:42.329525	-3.713379
08-Oct-20  17:40:42.329725	-3.710937
08-Oct-20  17:40:42.329925	-3.713379
08-Oct-20  17:40:42.330125	3.688965
08-Oct-20  17:40:42.330325	3.688965
08-Oct-20  17:40:42.330525	3.688965
08-Oct-20  17:40:42.330725	3.688965
08-Oct-20  17:40:42.330925	3.688965
08-Oct-20  17:40:42.331125	-3.710937
08-Oct-20  17:40:42.331325	-3.713379
08-Oct-20  17:40:42.331525	-3.710937
08-Oct-20  17:40:42.331725	-3.713379
08-Oct-20  17:40:42.331925	-3.713379
08-Oct-20  17:40:42.332125	3.688965
08-Oct-20  17:40:42.332325	3.688965
08-Oct-20  17:40:42.332525	3.688965
08-Oct-20  17:40:42.332725	3.688965
08-Oct-20  17:40:42.332925	3.688965
08-Oct-20  17:40:42.333125	3.688965
08-Oct-20  17:40:42.333325	-3.710937
08-Oct-20  17:40:42.333525	-3.710937
08-Oct-20  17:40:42.333725	-3.710937
08-Oct-20  17:40:42.333925	-3.710937
08-Oct-20  17:40:42.334125	-3.713379
08-Oct-20  17:40:42.334325	3.688965
08-Oct-20  17:40:42.334525	3.688965
08-Oct-20  17:40:42.334725	3.688965
08-Oct-20  17:40:42.334925	3.688965
08-Oct-20  17:40:42.335125	3.688965
08-Oct-20  17:40:42.335325	-3.710937
08-Oct-20  17:40:42.335525	-3.713379
08-Oct-20  17:40:42.335725	-3.713379
08-Oct-20  17:40:42.335925	-3.713379
08-Oct-20  17:40:42.336125	-3.713379
08-Oct-20  17:40:42.336325	-3.710937
08-Oct-20  17:40:42.336525	3.688965
08-Oct-20  17:40:42.336725	3.688965
08-Oct-20  17:40:42.336925	3.688965
08-Oct-20  17:40:42.337125	3.688965
08-Oct-20  17:40:42.337325	3.688965
08-Oct-20  17:40:42.337525	-3.710937
08-Oct-20  17:40:42.337725	-3.710937
08-Oct-20  17:40:42.337925	-3.710937
08-Oct-20  17:40:42.338125	-3.713379
08-Oct-20  17:40:42.338325	-3.710937
08-Oct-20  17:40:42.338525	3.688965
08-Oct-20  17:40:42.338725	3.688965
08-Oct-20  17:40:42.338925	3.688965
08-Oct-20  17:40:42.339125	3.688965
08-Oct-20  17:40:42.339325	3.688965
08-Oct-20  17:40:42.339525	3.688965
08-Oct-20  17:40:42.339725	-3.713379
08-Oct-20  17:40:42.339925	-3.710937
08-Oct-20  17:40:42.340125	-3.710937
08-Oct-20  17:40:42.340325	-3.710937
08-Oct-20  17:40:42.340525	-3.713379
08-Oct-20  17:40:42.340725	3.688965
08-Oct-20  17:40:42.340925	3.688965
08-Oct-20  17:40:42.341125	3.688965
08-Oct-20  17:40:42.341325	3.688965
08-Oct-20  17:40:42.341525	3.688965
08-Oct-20  17:40:42.341725	-3.710937
08-Oct-20  17:40:42.341925	-3.713379
08-Oct-20  17:40:42.342125	-3.710937
08-Oct-20  17:40:42.342325	-3.713379
08-Oct-20  17:40:42.342525	-3.710937
08-Oct-20  17:40:42.342725	-3.713379
08-Oct-20  17:40:42.342925	3.688965
08-Oct-20  17:40:42.343125	3.688965
08-Oct-20  17:40:42.343325	3.688965
08-Oct-20  17:40:42.343525	3.686523
08-Oct-20  17:40:42.343725	3.688965
08-Oct-20  17:40:42.343925	-3.710937
08-Oct-20  17:40:42.344125	-3.710937
08-Oct-20  17:40:42.344325	-3.710937
08-Oct-20  17:40:42.344525	-3.710937
08-Oct-20  17:40:42.344725	-3.713379
08-Oct-20  17:40:42.344925	3.688965
08-Oct-20  17:40:42.345125	3.688965
08-Oct-20  17:40:42.345325	3.688965
08-Oct-20  17:40:42.345525	3.688965
08-Oct-20  17:40:42.345725	3.688965
08-Oct-20  17:40:42.345925	-3.710937
08-Oct-20  17:40:42.346125	-3.713379
08-Oct-20  17:40:42.346325	-3.710937
08-Oct-20  17:40:42.346525	-3.713379
08-Oct-20  17:40:42.346725	-3.710937
08-Oct-20  17:40:42.346925	-3.713379
08-Oct-20  17:40:42.347125	3.688965
08-Oct-20  17:40:42.347325	3.688965
08-Oct-20  17:40:42.347525	3.688965
08-Oct-20  17:40:42.347725	3.688965
08-Oct-20  17:40:42.347925	3.688965
08-Oct-20  17:40:42.348125	-3.710937
08-Oct-20  17:40:42.348325	-3.710937
08-Oct-20  17:40:42.348525	-3.710937
08-Oct-20  17:40:42.348725	-3.710937
08-Oct-20  17:40:42.348925	-3.713379
08-Oct-20  17:40:42.349125	3.688965
08-Oct-20  17:40:42.349325	3.688965
08-Oct-20  17:40:42.349525	3.688965
08-Oct-20  17:40:42.349725	3.688965
08-Oct-20  17:40:42.349925	3.688965
08-Oct-20  17:40:42.350125	3.688965
08-Oct-20  17:40:42.350325	-3.710937
08-Oct-20  17:40:42.350525	-3.713379
08-Oct-20  17:40:42.350725	-3.710937
08-Oct-20  17:40:42.350925	-3.710937
08-Oct-20  17:40:42.351125	-3.713379
08-Oct-20  17:40:42.351325	3.688965
08-Oct-20  17:40:42.351525	3.688965
08-Oct-20  17:40:42.351725	3.688965
08-Oct-20  17:40:42.351925	3.688965
08-Oct-20  17:40:42.352125	3.688965
08-Oct-20  17:40:42.352325	-3.710937
08-Oct-20  17:40:42.352525	-3.713379
08-Oct-20  17:40:42.352725	-3.710937
08-Oct-20  17:40:42.352925	-3.710937
08-Oct-20  17:40:42.353125	-3.713379
08-Oct-20  17:40:42.353325	-3.713379
08-Oct-20  17:40:42.353525	3.688965
08-Oct-20  17:40:42.353725	3.688965
08-Oct-20  17:40:42.353925	3.688965
08-Oct-20  17:40:42.354125	3.688965
08-Oct-20  17:40:42.354325	3.688965
08-Oct-20  17:40:42.354525	-3.713379
08-Oct-20  17:40:42.354725	-3.713379
08-Oct-20  17:40:42.354925	-3.713379
08-Oct-20  17:40:42.355125	-3.713379
08-Oct-20  17:40:42.355325	-3.710937
08-Oct-20  17:40:42.355525	3.688965
08-Oct-20  17:40:42.355725	3.688965
08-Oct-20  17:40:42.355925	3.688965
08-Oct-20  17:40:42.356125	3.688965
08-Oct-20  17:40:42.356325	3.688965
08-Oct-20  17:40:42.356525	3.688965
08-Oct-20  17:40:42.356725	-3.713379
08-Oct-20  17:40:42.356925	-3.713379
08-Oct-20  17:40:42.357125	-3.713379
08-Oct-20  17:40:42.357325	-3.713379
08-Oct-20  17:40:42.357525	-3.713379
08-Oct-20  17:40:42.357725	3.688965
08-Oct-20  17:40:42.357925	3.688965
08-Oct-20  17:40:42.358125	3.688965
08-Oct-20  17:40:42.358325	3.688965
08-Oct-20  17:40:42.358525	3.688965
08-Oct-20  17:40:42.358725	-3.710937
08-Oct-20  17:40:42.358925	-3.713379
08-Oct-20  17:40:42.359125	-3.713379
08-Oct-20  17:40:42.359325	-3.713379
08-Oct-20  17:40:42.359525	-3.710937
08-Oct-20  17:40:42.359725	3.688965
08-Oct-20  17:40:42.359925	3.688965
08-Oct-20  17:40:42.360125	3.688965
08-Oct-20  17:40:42.360325	3.688965
08-Oct-20  17:40:42.360525	3.688965
08-Oct-20  17:40:42.360725	3.688965
08-Oct-20  17:40:42.360925	-3.713379
08-Oct-20  17:40:42.361125	-3.713379
08-Oct-20  17:40:42.361325	-3.710937
08-Oct-20  17:40:42.361525	-3.713379
08-Oct-20  17:40:42.361725	-3.713379
08-Oct-20  17:40:42.361925	3.688965
08-Oct-20  17:40:42.362125	3.688965
08-Oct-20  17:40:42.362325	3.688965
08-Oct-20  17:40:42.362525	3.688965
08-Oct-20  17:40:42.362725	3.688965
08-Oct-20  17:40:42.362925	-3.713379
08-Oct-20  17:40:42.363125	-3.710937
08-Oct-20  17:40:42.363325	-3.710937
08-Oct-20  17:40:42.363525	-3.710937
08-Oct-20  17:40:42.363725	-3.710937
08-Oct-20  17:40:42.363925	-3.710937
08-Oct-20  17:40:42.364125	3.688965
08-Oct-20  17:40:42.364325	3.688965
08-Oct-20  17:40:42.364525	3.688965
08-Oct-20  17:40:42.364725	3.688965
08-Oct-20  17:40:42.364925	3.688965
08-Oct-20  17:40:42.365125	-3.713379
08-Oct-20  17:40:42.365325	-3.713379
08-Oct-20  17:40:42.365525	-3.710937
08-Oct-20  17:40:42.365725	-3.713379
08-Oct-20  17:40:42.365925	-3.710937
08-Oct-20  17:40:42.366125	3.688965
08-Oct-20  17:40:42.366325	3.688965
08-Oct-20  17:40:42.366525	3.688965
08-Oct-20  17:40:42.366725	3.688965
08-Oct-20  17:40:42.366925	3.688965
08-Oct-20  17:40:42.367125	3.688965
08-Oct-20  17:40:42.367325	-3.710937
08-Oct-20  17:40:42.367525	-3.710937
08-Oct-20  17:40:42.367725	-3.713379
08-Oct-20  17:40:42.367925	-3.710937
08-Oct-20  17:40:42.368125	-3.710937
08-Oct-20  17:40:42.368325	3.688965
08-Oct-20  17:40:42.368525	3.688965
08-Oct-20  17:40:42.368725	3.688965
08-Oct-20  17:40:42.368925	3.688965
08-Oct-20  17:40:42.369125	3.686523
08-Oct-20  17:40:42.369325	-3.713379
08-Oct-20  17:40:42.369525	-3.713379
08-Oct-20  17:40:42.369725	-3.713379
08-Oct-20  17:40:42.369925	-3.713379
08-Oct-20  17:40:42.370125	-3.713379
08-Oct-20  17:40:42.370325	-3.713379
08-Oct-20  17:40:42.370525	3.688965
08-Oct-20  17:40:42.370725	3.688965
08-Oct-20  17:40:42.370925	3.688965
08-Oct-20  17:40:42.371125	3.688965
08-Oct-20  17:40:42.371325	3.688965
08-Oct-20  17:40:42.371525	-3.710937
08-Oct-20  17:40:42.371725	-3.713379
08-Oct-20  17:40:42.371925	-3.710937
08-Oct-20  17:40:42.372125	-3.713379
08-Oct-20  17:40:42.372325	-3.713379
08-Oct-20  17:40:42.372525	3.686523
08-Oct-20  17:40:42.372725	3.686523
08-Oct-20  17:40:42.372925	3.688965
08-Oct-20  17:40:42.373125	3.688965
08-Oct-20  17:40:42.373325	3.688965
08-Oct-20  17:40:42.373525	-3.710937
08-Oct-20  17:40:42.373725	-3.710937
08-Oct-20  17:40:42.373925	-3.713379
08-Oct-20  17:40:42.374125	-3.710937
08-Oct-20  17:40:42.374325	-3.710937
08-Oct-20  17:40:42.374525	-3.710937
08-Oct-20  17:40:42.374725	3.688965
08-Oct-20  17:40:42.374925	3.688965
08-Oct-20  17:40:42.375125	3.688965
08-Oct-20  17:40:42.375325	3.688965
08-Oct-20  17:40:42.375525	3.688965
08-Oct-20  17:40:42.375725	-3.710937
08-Oct-20  17:40:42.375925	-3.713379
08-Oct-20  17:40:42.376125	-3.710937
08-Oct-20  17:40:42.376325	-3.713379
08-Oct-20  17:40:42.376525	-3.713379
08-Oct-20  17:40:42.376725	3.688965
08-Oct-20  17:40:42.376925	3.688965
08-Oct-20  17:40:42.377125	3.688965
08-Oct-20  17:40:42.377325	3.688965
08-Oct-20  17:40:42.377525	3.688965
08-Oct-20  17:40:42.377725	3.688965
08-Oct-20  17:40:42.377925	-3.710937
08-Oct-20  17:40:42.378125	-3.713379
08-Oct-20  17:40:42.378325	-3.713379
08-Oct-20  17:40:42.378525	-3.713379
08-Oct-20  17:40:42.378725	-3.710937
08-Oct-20  17:40:42.378925	3.688965
08-Oct-20  17:40:42.379125	3.688965
08-Oct-20  17:40:42.379325	3.688965
08-Oct-20  17:40:42.379525	3.688965
08-Oct-20  17:40:42.379725	3.688965
08-Oct-20  17:40:42.379925	-3.710937
08-Oct-20  17:40:42.380125	-3.713379
08-Oct-20  17:40:42.380325	-3.713379
08-Oct-20  17:40:42.380525	-3.710937
08-Oct-20  17:40:42.380725	-3.713379
08-Oct-20  17:40:42.380925	-3.710937
08-Oct-20  17:40:42.381125	3.688965
08-Oct-20  17:40:42.381325	3.688965
08-Oct-20  17:40:42.381525	3.688965
08-Oct-20  17:40:42.381725	3.688965
08-Oct-20  17:40:42.381925	3.688965
08-Oct-20  17:40:42.382125	-3.710937
08-Oct-20  17:40:42.382325	-3.710937
08-Oct-20  17:40:42.382525	-3.710937
08-Oct-20  17:40:42.382725	-3.713379
08-Oct-20  17:40:42.382925	-3.710937
08-Oct-20  17:40:42.383125	3.688965
08-Oct-20  17:40:42.383325	3.688965
08-Oct-20  17:40:42.383525	3.688965
08-Oct-20  17:40:42.383725	3.688965
08-Oct-20  17:40:42.383925	3.688965
08-Oct-20  17:40:42.384125	3.688965
08-Oct-20  17:40:42.384325	-3.713379
08-Oct-20  17:40:42.384525	-3.713379
08-Oct-20  17:40:42.384725	-3.713379
08-Oct-20  17:40:42.384925	-3.710937
08-Oct-20  17:40:42.385125	-3.713379
08-Oct-20  17:40:42.385325	3.688965
08-Oct-20  17:40:42.385525	3.688965
08-Oct-20  17:40:42.385725	3.688965
08-Oct-20  17:40:42.385925	3.688965
08-Oct-20  17:40:42.386125	3.688965
08-Oct-20  17:40:42.386325	-3.710937
08-Oct-20  17:40:42.386525	-3.710937
08-Oct-20  17:40:42.386725	-3.710937
08-Oct-20  17:40:42.386925	-3.713379
08-Oct-20  17:40:42.387125	-3.713379
08-Oct-20  17:40:42.387325	3.688965
08-Oct-20  17:40:42.387525	3.688965
08-Oct-20  17:40:42.387725	3.688965
08-Oct-20  17:40:42.387925	3.688965
08-Oct-20  17:40:42.388125	3.688965
08-Oct-20  17:40:42.388325	3.688965
08-Oct-20  17:40:42.388525	-3.713379
08-Oct-20  17:40:42.388725	-3.710937
08-Oct-20  17:40:42.388925	-3.710937
08-Oct-20  17:40:42.389125	-3.713379
08-Oct-20  17:40:42.389325	-3.713379
08-Oct-20  17:40:42.389525	3.688965
08-Oct-20  17:40:42.389725	3.688965
08-Oct-20  17:40:42.389925	3.688965
08-Oct-20  17:40:42.390125	3.688965
08-Oct-20  17:40:42.390325	3.688965
08-Oct-20  17:40:42.390525	-3.710937
08-Oct-20  17:40:42.390725	-3.713379
08-Oct-20  17:40:42.390925	-3.710937
08-Oct-20  17:40:42.391125	-3.713379
08-Oct-20  17:40:42.391325	-3.710937
08-Oct-20  17:40:42.391525	-3.710937
08-Oct-20  17:40:42.391725	3.688965
08-Oct-20  17:40:42.391925	3.688965
08-Oct-20  17:40:42.392125	3.688965
08-Oct-20  17:40:42.392325	3.688965
08-Oct-20  17:40:42.392525	3.688965
08-Oct-20  17:40:42.392725	-3.713379
08-Oct-20  17:40:42.392925	-3.713379
08-Oct-20  17:40:42.393125	-3.710937
08-Oct-20  17:40:42.393325	-3.713379
08-Oct-20  17:40:42.393525	-3.710937
08-Oct-20  17:40:42.393725	3.688965
08-Oct-20  17:40:42.393925	3.688965
08-Oct-20  17:40:42.394125	3.688965
08-Oct-20  17:40:42.394325	3.688965
08-Oct-20  17:40:42.394525	3.688965
08-Oct-20  17:40:42.394725	3.688965
08-Oct-20  17:40:42.394925	-3.710937
08-Oct-20  17:40:42.395125	-3.713379
08-Oct-20  17:40:42.395325	-3.713379
