t0	08-Oct-20  17:11:42.775881
delta t	2.500000E-5

time	Y
08-Oct-20  17:11:42.775881	-2.409668
08-Oct-20  17:11:42.775906	-2.407227
08-Oct-20  17:11:42.775931	-2.409668
08-Oct-20  17:11:42.775956	-2.407227
08-Oct-20  17:11:42.775981	-2.407227
08-Oct-20  17:11:42.776006	-2.409668
08-Oct-20  17:11:42.776031	-2.409668
08-Oct-20  17:11:42.776056	-2.409668
08-Oct-20  17:11:42.776081	-2.407227
08-Oct-20  17:11:42.776106	-2.407227
08-Oct-20  17:11:42.776131	-1.967773
08-Oct-20  17:11:42.776156	0.039062
08-Oct-20  17:11:42.776181	0.312500
08-Oct-20  17:11:42.776206	0.581055
08-Oct-20  17:11:42.776231	0.849609
08-Oct-20  17:11:42.776256	1.105957
08-Oct-20  17:11:42.776281	1.372070
08-Oct-20  17:11:42.776306	1.618652
08-Oct-20  17:11:42.776331	1.857910
08-Oct-20  17:11:42.776356	2.092285
08-Oct-20  17:11:42.776381	2.312012
08-Oct-20  17:11:42.776406	2.502441
08-Oct-20  17:11:42.776431	2.707520
08-Oct-20  17:11:42.776456	2.888184
08-Oct-20  17:11:42.776481	3.044434
08-Oct-20  17:11:42.776506	3.193359
08-Oct-20  17:11:42.776531	3.322754
08-Oct-20  17:11:42.776556	3.430176
08-Oct-20  17:11:42.776581	3.520508
08-Oct-20  17:11:42.776606	3.591309
08-Oct-20  17:11:42.776631	3.640137
08-Oct-20  17:11:42.776656	3.674316
08-Oct-20  17:11:42.776681	3.686523
08-Oct-20  17:11:42.776706	3.676758
08-Oct-20  17:11:42.776731	3.645020
08-Oct-20  17:11:42.776756	3.596191
08-Oct-20  17:11:42.776781	3.525391
08-Oct-20  17:11:42.776806	3.435059
08-Oct-20  17:11:42.776831	3.330078
08-Oct-20  17:11:42.776856	3.203125
08-Oct-20  17:11:42.776881	3.063965
08-Oct-20  17:11:42.776906	2.900391
08-Oct-20  17:11:42.776931	2.724609
08-Oct-20  17:11:42.776956	2.524414
08-Oct-20  17:11:42.776981	2.326660
08-Oct-20  17:11:42.777006	2.109375
08-Oct-20  17:11:42.777031	1.879883
08-Oct-20  17:11:42.777056	1.640625
08-Oct-20  17:11:42.777081	1.386719
08-Oct-20  17:11:42.777106	1.135254
08-Oct-20  17:11:42.777131	0.871582
08-Oct-20  17:11:42.777156	0.603027
08-Oct-20  17:11:42.777181	0.332031
08-Oct-20  17:11:42.777206	0.063477
08-Oct-20  17:11:42.777231	-0.212402
08-Oct-20  17:11:42.777256	-0.485840
08-Oct-20  17:11:42.777281	-0.756836
08-Oct-20  17:11:42.777306	-1.022949
08-Oct-20  17:11:42.777331	-1.286621
08-Oct-20  17:11:42.777356	-1.538086
08-Oct-20  17:11:42.777381	-1.777344
08-Oct-20  17:11:42.777406	-2.016602
08-Oct-20  17:11:42.777431	-2.238770
08-Oct-20  17:11:42.777456	-2.458496
08-Oct-20  17:11:42.777481	-2.651367
08-Oct-20  17:11:42.777506	-2.836914
08-Oct-20  17:11:42.777531	-3.002930
08-Oct-20  17:11:42.777556	-3.156738
08-Oct-20  17:11:42.777581	-3.293457
08-Oct-20  17:11:42.777606	-3.413086
08-Oct-20  17:11:42.777631	-3.510742
08-Oct-20  17:11:42.777656	-3.588867
08-Oct-20  17:11:42.777681	-3.649902
08-Oct-20  17:11:42.777706	-3.688965
08-Oct-20  17:11:42.777731	-3.708496
08-Oct-20  17:11:42.777756	-3.708496
08-Oct-20  17:11:42.777781	-3.688965
08-Oct-20  17:11:42.777806	-3.649902
08-Oct-20  17:11:42.777831	-3.586426
08-Oct-20  17:11:42.777856	-3.508301
08-Oct-20  17:11:42.777881	-3.405762
08-Oct-20  17:11:42.777906	-3.293457
08-Oct-20  17:11:42.777931	-3.161621
08-Oct-20  17:11:42.777956	-3.002930
08-Oct-20  17:11:42.777981	-2.834473
08-Oct-20  17:11:42.778006	-2.666016
08-Oct-20  17:11:42.778031	-2.451172
08-Oct-20  17:11:42.778056	-2.238770
08-Oct-20  17:11:42.778081	-2.019043
08-Oct-20  17:11:42.778106	-1.779785
08-Oct-20  17:11:42.778131	-1.535645
08-Oct-20  17:11:42.778156	-1.289062
08-Oct-20  17:11:42.778181	-1.022949
08-Oct-20  17:11:42.778206	-0.764160
08-Oct-20  17:11:42.778231	-0.488281
08-Oct-20  17:11:42.778256	-0.246582
08-Oct-20  17:11:42.778281	0.058594
08-Oct-20  17:11:42.778306	0.332031
08-Oct-20  17:11:42.778331	0.600586
08-Oct-20  17:11:42.778356	0.869141
08-Oct-20  17:11:42.778381	1.125488
08-Oct-20  17:11:42.778406	1.389160
08-Oct-20  17:11:42.778431	1.640625
08-Oct-20  17:11:42.778456	1.875000
08-Oct-20  17:11:42.778481	2.106934
08-Oct-20  17:11:42.778506	2.309570
08-Oct-20  17:11:42.778531	2.531738
08-Oct-20  17:11:42.778556	2.724609
08-Oct-20  17:11:42.778581	2.895508
08-Oct-20  17:11:42.778606	3.056641
08-Oct-20  17:11:42.778631	3.200684
08-Oct-20  17:11:42.778656	3.327637
08-Oct-20  17:11:42.778681	3.432617
08-Oct-20  17:11:42.778706	3.522949
08-Oct-20  17:11:42.778731	3.596191
08-Oct-20  17:11:42.778756	3.645020
08-Oct-20  17:11:42.778781	3.674316
08-Oct-20  17:11:42.778806	3.686523
08-Oct-20  17:11:42.778831	3.674316
08-Oct-20  17:11:42.778856	3.642578
08-Oct-20  17:11:42.778881	3.593750
08-Oct-20  17:11:42.778906	3.520508
08-Oct-20  17:11:42.778931	3.430176
08-Oct-20  17:11:42.778956	3.322754
08-Oct-20  17:11:42.778981	3.193359
08-Oct-20  17:11:42.779006	3.051758
08-Oct-20  17:11:42.779031	2.885742
08-Oct-20  17:11:42.779056	2.714844
08-Oct-20  17:11:42.779081	2.512207
08-Oct-20  17:11:42.779106	2.312012
08-Oct-20  17:11:42.779131	2.094727
08-Oct-20  17:11:42.779156	1.862793
08-Oct-20  17:11:42.779181	1.618652
08-Oct-20  17:11:42.779206	1.369629
08-Oct-20  17:11:42.779231	1.115723
08-Oct-20  17:11:42.779256	0.852051
08-Oct-20  17:11:42.779281	0.583496
08-Oct-20  17:11:42.779306	0.312500
08-Oct-20  17:11:42.779331	0.043945
08-Oct-20  17:11:42.779356	-0.234375
08-Oct-20  17:11:42.779381	-0.505371
08-Oct-20  17:11:42.779406	-0.776367
08-Oct-20  17:11:42.779431	-1.042480
08-Oct-20  17:11:42.779456	-1.306152
08-Oct-20  17:11:42.779481	-1.555176
08-Oct-20  17:11:42.779506	-1.799316
08-Oct-20  17:11:42.779531	-2.033691
08-Oct-20  17:11:42.779556	-2.258301
08-Oct-20  17:11:42.779581	-2.478027
08-Oct-20  17:11:42.779606	-2.666016
08-Oct-20  17:11:42.779631	-2.849121
08-Oct-20  17:11:42.779656	-3.017578
08-Oct-20  17:11:42.779681	-3.166504
08-Oct-20  17:11:42.779706	-3.300781
08-Oct-20  17:11:42.779731	-3.417969
08-Oct-20  17:11:42.779756	-3.515625
08-Oct-20  17:11:42.779781	-3.593750
08-Oct-20  17:11:42.779806	-3.652344
08-Oct-20  17:11:42.779831	-3.686523
08-Oct-20  17:11:42.779856	-3.706055
08-Oct-20  17:11:42.779881	-3.706055
08-Oct-20  17:11:42.779906	-3.686523
08-Oct-20  17:11:42.779931	-3.645020
08-Oct-20  17:11:42.779956	-3.579102
08-Oct-20  17:11:42.779981	-3.500977
08-Oct-20  17:11:42.780006	-3.400879
08-Oct-20  17:11:42.780031	-3.283691
08-Oct-20  17:11:42.780056	-3.151855
08-Oct-20  17:11:42.780081	-2.993164
08-Oct-20  17:11:42.780106	-2.819824
08-Oct-20  17:11:42.780131	-2.651367
08-Oct-20  17:11:42.780156	-2.438965
08-Oct-20  17:11:42.780181	-2.224121
08-Oct-20  17:11:42.780206	-2.001953
08-Oct-20  17:11:42.780231	-1.762695
08-Oct-20  17:11:42.780256	-1.516113
08-Oct-20  17:11:42.780281	-1.271973
08-Oct-20  17:11:42.780306	-1.003418
08-Oct-20  17:11:42.780331	-0.742187
08-Oct-20  17:11:42.780356	-0.463867
08-Oct-20  17:11:42.780381	-0.227051
08-Oct-20  17:11:42.780406	0.078125
08-Oct-20  17:11:42.780431	0.351562
08-Oct-20  17:11:42.780456	0.620117
08-Oct-20  17:11:42.780481	0.891113
08-Oct-20  17:11:42.780506	1.145020
08-Oct-20  17:11:42.780531	1.408691
08-Oct-20  17:11:42.780556	1.657715
08-Oct-20  17:11:42.780581	1.889648
08-Oct-20  17:11:42.780606	2.126465
08-Oct-20  17:11:42.780631	2.329102
08-Oct-20  17:11:42.780656	2.546387
08-Oct-20  17:11:42.780681	2.736816
08-Oct-20  17:11:42.780706	2.912598
08-Oct-20  17:11:42.780731	3.066406
08-Oct-20  17:11:42.780756	3.212891
08-Oct-20  17:11:42.780781	3.334961
08-Oct-20  17:11:42.780806	3.444824
08-Oct-20  17:11:42.780831	3.527832
08-Oct-20  17:11:42.780856	3.601074
08-Oct-20  17:11:42.780881	3.647461
08-Oct-20  17:11:42.780906	3.674316
08-Oct-20  17:11:42.780931	3.686523
08-Oct-20  17:11:42.780956	3.671875
08-Oct-20  17:11:42.780981	3.637695
08-Oct-20  17:11:42.781006	3.586426
08-Oct-20  17:11:42.781031	3.513184
08-Oct-20  17:11:42.781056	3.420410
08-Oct-20  17:11:42.781081	3.310547
08-Oct-20  17:11:42.781106	3.183594
08-Oct-20  17:11:42.781131	3.039551
08-Oct-20  17:11:42.781156	2.875977
08-Oct-20  17:11:42.781181	2.697754
08-Oct-20  17:11:42.781206	2.497559
08-Oct-20  17:11:42.781231	2.297363
08-Oct-20  17:11:42.781256	2.075195
08-Oct-20  17:11:42.781281	1.843262
08-Oct-20  17:11:42.781306	1.599121
08-Oct-20  17:11:42.781331	1.350098
08-Oct-20  17:11:42.781356	1.096191
08-Oct-20  17:11:42.781381	0.832520
08-Oct-20  17:11:42.781406	0.563965
08-Oct-20  17:11:42.781431	0.292969
08-Oct-20  17:11:42.781456	0.024414
08-Oct-20  17:11:42.781481	-0.256348
08-Oct-20  17:11:42.781506	-0.527344
08-Oct-20  17:11:42.781531	-0.798340
08-Oct-20  17:11:42.781556	-1.064453
08-Oct-20  17:11:42.781581	-1.318359
08-Oct-20  17:11:42.781606	-1.572266
08-Oct-20  17:11:42.781631	-1.818848
08-Oct-20  17:11:42.781656	-2.048340
08-Oct-20  17:11:42.781681	-2.270508
08-Oct-20  17:11:42.781706	-2.492676
08-Oct-20  17:11:42.781731	-2.680664
08-Oct-20  17:11:42.781756	-2.861328
08-Oct-20  17:11:42.781781	-3.027344
08-Oct-20  17:11:42.781806	-3.181152
08-Oct-20  17:11:42.781831	-3.310547
08-Oct-20  17:11:42.781856	-3.427734
08-Oct-20  17:11:42.781881	-3.520508
08-Oct-20  17:11:42.781906	-3.598633
08-Oct-20  17:11:42.781931	-3.652344
08-Oct-20  17:11:42.781956	-3.691406
08-Oct-20  17:11:42.781981	-3.708496
08-Oct-20  17:11:42.782006	-3.703613
08-Oct-20  17:11:42.782031	-3.681641
08-Oct-20  17:11:42.782056	-3.640137
08-Oct-20  17:11:42.782081	-3.574219
08-Oct-20  17:11:42.782106	-3.493652
08-Oct-20  17:11:42.782131	-3.391113
08-Oct-20  17:11:42.782156	-3.271484
08-Oct-20  17:11:42.782181	-3.137207
08-Oct-20  17:11:42.782206	-2.978516
08-Oct-20  17:11:42.782231	-2.810059
08-Oct-20  17:11:42.782256	-2.636719
08-Oct-20  17:11:42.782281	-2.421875
08-Oct-20  17:11:42.782306	-2.207031
08-Oct-20  17:11:42.782331	-1.982422
08-Oct-20  17:11:42.782356	-1.743164
08-Oct-20  17:11:42.782381	-1.496582
08-Oct-20  17:11:42.782406	-1.250000
08-Oct-20  17:11:42.782431	-0.983887
08-Oct-20  17:11:42.782456	-0.722656
08-Oct-20  17:11:42.782481	-0.446777
08-Oct-20  17:11:42.782506	-0.207520
08-Oct-20  17:11:42.782531	0.097656
08-Oct-20  17:11:42.782556	0.371094
08-Oct-20  17:11:42.782581	0.637207
08-Oct-20  17:11:42.782606	0.908203
08-Oct-20  17:11:42.782631	1.164551
08-Oct-20  17:11:42.782656	1.428223
08-Oct-20  17:11:42.782681	1.672363
08-Oct-20  17:11:42.782706	1.914062
08-Oct-20  17:11:42.782731	2.141113
08-Oct-20  17:11:42.782756	2.343750
08-Oct-20  17:11:42.782781	2.561035
08-Oct-20  17:11:42.782806	2.746582
08-Oct-20  17:11:42.782831	2.927246
08-Oct-20  17:11:42.782856	3.078613
08-Oct-20  17:11:42.782881	3.222656
08-Oct-20  17:11:42.782906	3.344727
08-Oct-20  17:11:42.782931	3.449707
08-Oct-20  17:11:42.782956	3.537598
08-Oct-20  17:11:42.782981	3.603516
08-Oct-20  17:11:42.783006	3.647461
08-Oct-20  17:11:42.783031	3.679199
08-Oct-20  17:11:42.783056	3.686523
08-Oct-20  17:11:42.783081	3.671875
08-Oct-20  17:11:42.783106	3.637695
08-Oct-20  17:11:42.783131	3.581543
08-Oct-20  17:11:42.783156	3.508301
08-Oct-20  17:11:42.783181	3.415527
08-Oct-20  17:11:42.783206	3.305664
08-Oct-20  17:11:42.783231	3.173828
08-Oct-20  17:11:42.783256	3.027344
08-Oct-20  17:11:42.783281	2.861328
08-Oct-20  17:11:42.783306	2.683105
08-Oct-20  17:11:42.783331	2.485352
08-Oct-20  17:11:42.783356	2.280273
08-Oct-20  17:11:42.783381	2.060547
08-Oct-20  17:11:42.783406	1.828613
08-Oct-20  17:11:42.783431	1.586914
08-Oct-20  17:11:42.783456	1.328125
08-Oct-20  17:11:42.783481	1.076660
08-Oct-20  17:11:42.783506	0.812988
08-Oct-20  17:11:42.783531	0.541992
08-Oct-20  17:11:42.783556	0.268555
08-Oct-20  17:11:42.783581	0.000000
08-Oct-20  17:11:42.783606	-0.275879
08-Oct-20  17:11:42.783631	-0.549316
08-Oct-20  17:11:42.783656	-0.817871
08-Oct-20  17:11:42.783681	-1.081543
08-Oct-20  17:11:42.783706	-1.337891
08-Oct-20  17:11:42.783731	-1.589355
08-Oct-20  17:11:42.783756	-1.835937
08-Oct-20  17:11:42.783781	-2.067871
08-Oct-20  17:11:42.783806	-2.287598
08-Oct-20  17:11:42.783831	-2.507324
08-Oct-20  17:11:42.783856	-2.695312
08-Oct-20  17:11:42.783881	-2.873535
08-Oct-20  17:11:42.783906	-3.041992
08-Oct-20  17:11:42.783931	-3.186035
08-Oct-20  17:11:42.783956	-3.320312
08-Oct-20  17:11:42.783981	-3.437500
08-Oct-20  17:11:42.784006	-3.527832
08-Oct-20  17:11:42.784031	-3.601074
08-Oct-20  17:11:42.784056	-3.657227
08-Oct-20  17:11:42.784081	-3.691406
08-Oct-20  17:11:42.784106	-3.706055
08-Oct-20  17:11:42.784131	-3.703613
08-Oct-20  17:11:42.784156	-3.681641
08-Oct-20  17:11:42.784181	-3.640137
08-Oct-20  17:11:42.784206	-3.569336
08-Oct-20  17:11:42.784231	-3.488770
08-Oct-20  17:11:42.784256	-3.383789
08-Oct-20  17:11:42.784281	-3.261719
08-Oct-20  17:11:42.784306	-3.127441
08-Oct-20  17:11:42.784331	-2.966309
08-Oct-20  17:11:42.784356	-2.795410
08-Oct-20  17:11:42.784381	-2.619629
08-Oct-20  17:11:42.784406	-2.404785
08-Oct-20  17:11:42.784431	-2.192383
08-Oct-20  17:11:42.784456	-1.967773
08-Oct-20  17:11:42.784481	-1.728516
08-Oct-20  17:11:42.784506	-1.477051
08-Oct-20  17:11:42.784531	-1.232910
08-Oct-20  17:11:42.784556	-0.964355
08-Oct-20  17:11:42.784581	-0.703125
08-Oct-20  17:11:42.784606	-0.424805
08-Oct-20  17:11:42.784631	-0.183105
08-Oct-20  17:11:42.784656	0.122070
08-Oct-20  17:11:42.784681	0.390625
08-Oct-20  17:11:42.784706	0.664062
08-Oct-20  17:11:42.784731	0.927734
08-Oct-20  17:11:42.784756	1.181641
08-Oct-20  17:11:42.784781	1.442871
08-Oct-20  17:11:42.784806	1.689453
08-Oct-20  17:11:42.784831	1.931152
08-Oct-20  17:11:42.784856	2.155762
08-Oct-20  17:11:42.784881	2.358398
08-Oct-20  17:11:42.784906	2.573242
08-Oct-20  17:11:42.784931	2.763672
08-Oct-20  17:11:42.784956	2.937012
08-Oct-20  17:11:42.784981	3.088379
08-Oct-20  17:11:42.785006	3.232422
08-Oct-20  17:11:42.785031	3.352051
08-Oct-20  17:11:42.785056	3.459473
08-Oct-20  17:11:42.785081	3.542480
08-Oct-20  17:11:42.785106	3.608398
08-Oct-20  17:11:42.785131	3.652344
08-Oct-20  17:11:42.785156	3.679199
08-Oct-20  17:11:42.785181	3.686523
08-Oct-20  17:11:42.785206	3.666992
08-Oct-20  17:11:42.785231	3.630371
08-Oct-20  17:11:42.785256	3.576660
08-Oct-20  17:11:42.785281	3.503418
08-Oct-20  17:11:42.785306	3.408203
08-Oct-20  17:11:42.785331	3.295898
08-Oct-20  17:11:42.785356	3.164062
08-Oct-20  17:11:42.785381	3.017578
08-Oct-20  17:11:42.785406	2.849121
08-Oct-20  17:11:42.785431	2.668457
08-Oct-20  17:11:42.785456	2.468262
08-Oct-20  17:11:42.785481	2.260742
08-Oct-20  17:11:42.785506	2.041016
08-Oct-20  17:11:42.785531	1.809082
08-Oct-20  17:11:42.785556	1.569824
08-Oct-20  17:11:42.785581	1.311035
08-Oct-20  17:11:42.785606	1.057129
08-Oct-20  17:11:42.785631	0.793457
08-Oct-20  17:11:42.785656	0.522461
08-Oct-20  17:11:42.785681	0.249023
08-Oct-20  17:11:42.785706	-0.019531
08-Oct-20  17:11:42.785731	-0.295410
08-Oct-20  17:11:42.785756	-0.571289
08-Oct-20  17:11:42.785781	-0.837402
08-Oct-20  17:11:42.785806	-1.103516
08-Oct-20  17:11:42.785831	-1.357422
08-Oct-20  17:11:42.785856	-1.611328
08-Oct-20  17:11:42.785881	-1.853027
08-Oct-20  17:11:42.785906	-2.082520
08-Oct-20  17:11:42.785931	-2.307129
08-Oct-20  17:11:42.785956	-2.519531
08-Oct-20  17:11:42.785981	-2.705078
08-Oct-20  17:11:42.786006	-2.888184
08-Oct-20  17:11:42.786031	-3.051758
08-Oct-20  17:11:42.786056	-3.195801
08-Oct-20  17:11:42.786081	-3.325195
08-Oct-20  17:11:42.786106	-3.439941
08-Oct-20  17:11:42.786131	-3.532715
08-Oct-20  17:11:42.786156	-3.605957
08-Oct-20  17:11:42.786181	-3.662109
08-Oct-20  17:11:42.786206	-3.696289
08-Oct-20  17:11:42.786231	-3.708496
08-Oct-20  17:11:42.786256	-3.706055
08-Oct-20  17:11:42.786281	-3.674316
08-Oct-20  17:11:42.786306	-3.632812
08-Oct-20  17:11:42.786331	-3.564453
08-Oct-20  17:11:42.786356	-3.481445
08-Oct-20  17:11:42.786381	-3.376465
08-Oct-20  17:11:42.786406	-3.251953
08-Oct-20  17:11:42.786431	-3.115234
08-Oct-20  17:11:42.786456	-2.956543
08-Oct-20  17:11:42.786481	-2.778320
08-Oct-20  17:11:42.786506	-2.604980
08-Oct-20  17:11:42.786531	-2.387695
08-Oct-20  17:11:42.786556	-2.175293
08-Oct-20  17:11:42.786581	-1.948242
08-Oct-20  17:11:42.786606	-1.708984
08-Oct-20  17:11:42.786631	-1.469727
08-Oct-20  17:11:42.786656	-1.203613
08-Oct-20  17:11:42.786681	-0.944824
08-Oct-20  17:11:42.786706	-0.678711
08-Oct-20  17:11:42.786731	-0.405273
08-Oct-20  17:11:42.786756	-0.163574
08-Oct-20  17:11:42.786781	0.141602
08-Oct-20  17:11:42.786806	0.410156
08-Oct-20  17:11:42.786831	0.681152
08-Oct-20  17:11:42.786856	0.949707
08-Oct-20  17:11:42.786881	1.203613
08-Oct-20  17:11:42.786906	1.462402
08-Oct-20  17:11:42.786931	1.706543
08-Oct-20  17:11:42.786956	1.948242
08-Oct-20  17:11:42.786981	2.172852
08-Oct-20  17:11:42.787006	2.373047
08-Oct-20  17:11:42.787031	2.590332
08-Oct-20  17:11:42.787056	2.778320
08-Oct-20  17:11:42.787081	2.951660
08-Oct-20  17:11:42.787106	3.098145
08-Oct-20  17:11:42.787131	3.239746
08-Oct-20  17:11:42.787156	3.364258
08-Oct-20  17:11:42.787181	3.464355
08-Oct-20  17:11:42.787206	3.547363
08-Oct-20  17:11:42.787231	3.613281
08-Oct-20  17:11:42.787256	3.657227
08-Oct-20  17:11:42.787281	3.679199
08-Oct-20  17:11:42.787306	3.684082
08-Oct-20  17:11:42.787331	3.664551
08-Oct-20  17:11:42.787356	3.627930
08-Oct-20  17:11:42.787381	3.571777
08-Oct-20  17:11:42.787406	3.493652
08-Oct-20  17:11:42.787431	3.400879
08-Oct-20  17:11:42.787456	3.288574
08-Oct-20  17:11:42.787481	3.146973
08-Oct-20  17:11:42.787506	3.002930
08-Oct-20  17:11:42.787531	2.834473
08-Oct-20  17:11:42.787556	2.653809
08-Oct-20  17:11:42.787581	2.453613
08-Oct-20  17:11:42.787606	2.248535
08-Oct-20  17:11:42.787631	2.023926
08-Oct-20  17:11:42.787656	1.794434
08-Oct-20  17:11:42.787681	1.550293
08-Oct-20  17:11:42.787706	1.291504
08-Oct-20  17:11:42.787731	1.037598
08-Oct-20  17:11:42.787756	0.773926
08-Oct-20  17:11:42.787781	0.502930
08-Oct-20  17:11:42.787806	0.229492
08-Oct-20  17:11:42.787831	-0.036621
08-Oct-20  17:11:42.787856	-0.317383
08-Oct-20  17:11:42.787881	-0.590820
08-Oct-20  17:11:42.787906	-0.859375
08-Oct-20  17:11:42.787931	-1.123047
08-Oct-20  17:11:42.787956	-1.376953
08-Oct-20  17:11:42.787981	-1.628418
08-Oct-20  17:11:42.788006	-1.870117
08-Oct-20  17:11:42.788031	-2.104492
08-Oct-20  17:11:42.788056	-2.319336
08-Oct-20  17:11:42.788081	-2.534180
08-Oct-20  17:11:42.788106	-2.722168
08-Oct-20  17:11:42.788131	-2.900391
08-Oct-20  17:11:42.788156	-3.066406
08-Oct-20  17:11:42.788181	-3.208008
08-Oct-20  17:11:42.788206	-3.337402
08-Oct-20  17:11:42.788231	-3.449707
08-Oct-20  17:11:42.788256	-3.537598
08-Oct-20  17:11:42.788281	-3.610840
08-Oct-20  17:11:42.788306	-3.666992
08-Oct-20  17:11:42.788331	-3.696289
08-Oct-20  17:11:42.788356	-3.710937
08-Oct-20  17:11:42.788381	-3.706055
08-Oct-20  17:11:42.788406	-3.674316
08-Oct-20  17:11:42.788431	-3.627930
08-Oct-20  17:11:42.788456	-3.559570
08-Oct-20  17:11:42.788481	-3.476562
08-Oct-20  17:11:42.788506	-3.366699
08-Oct-20  17:11:42.788531	-3.247070
08-Oct-20  17:11:42.788556	-3.103027
08-Oct-20  17:11:42.788581	-2.944336
08-Oct-20  17:11:42.788606	-2.768555
08-Oct-20  17:11:42.788631	-2.592773
08-Oct-20  17:11:42.788656	-2.373047
08-Oct-20  17:11:42.788681	-2.155762
08-Oct-20  17:11:42.788706	-1.933594
08-Oct-20  17:11:42.788731	-1.691895
08-Oct-20  17:11:42.788756	-1.450195
08-Oct-20  17:11:42.788781	-1.188965
08-Oct-20  17:11:42.788806	-0.922852
08-Oct-20  17:11:42.788831	-0.659180
08-Oct-20  17:11:42.788856	-0.385742
08-Oct-20  17:11:42.788881	-0.144043
08-Oct-20  17:11:42.788906	0.161133
08-Oct-20  17:11:42.788931	0.429687
08-Oct-20  17:11:42.788956	0.703125
08-Oct-20  17:11:42.788981	0.966797
08-Oct-20  17:11:42.789006	1.223145
08-Oct-20  17:11:42.789031	1.481934
08-Oct-20  17:11:42.789056	1.726074
08-Oct-20  17:11:42.789081	1.965332
08-Oct-20  17:11:42.789106	2.187500
08-Oct-20  17:11:42.789131	2.385254
08-Oct-20  17:11:42.789156	2.604980
08-Oct-20  17:11:42.789181	2.792969
08-Oct-20  17:11:42.789206	2.958984
08-Oct-20  17:11:42.789231	3.107910
08-Oct-20  17:11:42.789256	3.251953
08-Oct-20  17:11:42.789281	3.369141
08-Oct-20  17:11:42.789306	3.471680
08-Oct-20  17:11:42.789331	3.552246
08-Oct-20  17:11:42.789356	3.618164
08-Oct-20  17:11:42.789381	3.657227
08-Oct-20  17:11:42.789406	3.679199
08-Oct-20  17:11:42.789431	3.684082
08-Oct-20  17:11:42.789456	3.664551
08-Oct-20  17:11:42.789481	3.625488
08-Oct-20  17:11:42.789506	3.566895
08-Oct-20  17:11:42.789531	3.486328
08-Oct-20  17:11:42.789556	3.391113
08-Oct-20  17:11:42.789581	3.276367
08-Oct-20  17:11:42.789606	3.139648
08-Oct-20  17:11:42.789631	2.990723
08-Oct-20  17:11:42.789656	2.822266
08-Oct-20  17:11:42.789681	2.636719
08-Oct-20  17:11:42.789706	2.438965
08-Oct-20  17:11:42.789731	2.231445
08-Oct-20  17:11:42.789756	2.011719
08-Oct-20  17:11:42.789781	1.774902
08-Oct-20  17:11:42.789806	1.528320
08-Oct-20  17:11:42.789831	1.274414
08-Oct-20  17:11:42.789856	1.015625
08-Oct-20  17:11:42.789881	0.754395
08-Oct-20  17:11:42.789906	0.485840
08-Oct-20  17:11:42.789931	0.209961
08-Oct-20  17:11:42.789956	-0.058594
08-Oct-20  17:11:42.789981	-0.336914
08-Oct-20  17:11:42.790006	-0.607910
08-Oct-20  17:11:42.790031	-0.878906
08-Oct-20  17:11:42.790056	-1.140137
08-Oct-20  17:11:42.790081	-1.396484
08-Oct-20  17:11:42.790106	-1.647949
08-Oct-20  17:11:42.790131	-1.884766
08-Oct-20  17:11:42.790156	-2.119141
08-Oct-20  17:11:42.790181	-2.336426
08-Oct-20  17:11:42.790206	-2.548828
08-Oct-20  17:11:42.790231	-2.736816
08-Oct-20  17:11:42.790256	-2.910156
08-Oct-20  17:11:42.790281	-3.076172
08-Oct-20  17:11:42.790306	-3.215332
08-Oct-20  17:11:42.790331	-3.344727
08-Oct-20  17:11:42.790356	-3.454590
08-Oct-20  17:11:42.790381	-3.549805
08-Oct-20  17:11:42.790406	-3.615723
08-Oct-20  17:11:42.790431	-3.666992
08-Oct-20  17:11:42.790456	-3.701172
08-Oct-20  17:11:42.790481	-3.710937
08-Oct-20  17:11:42.790506	-3.703613
08-Oct-20  17:11:42.790531	-3.669434
08-Oct-20  17:11:42.790556	-3.623047
08-Oct-20  17:11:42.790581	-3.554687
08-Oct-20  17:11:42.790606	-3.464355
08-Oct-20  17:11:42.790631	-3.356934
08-Oct-20  17:11:42.790656	-3.237305
08-Oct-20  17:11:42.790681	-3.093262
08-Oct-20  17:11:42.790706	-2.927246
08-Oct-20  17:11:42.790731	-2.753906
08-Oct-20  17:11:42.790756	-2.578125
08-Oct-20  17:11:42.790781	-2.358398
08-Oct-20  17:11:42.790806	-2.141113
08-Oct-20  17:11:42.790831	-1.914062
08-Oct-20  17:11:42.790856	-1.674805
08-Oct-20  17:11:42.790881	-1.433105
08-Oct-20  17:11:42.790906	-1.166992
08-Oct-20  17:11:42.790931	-0.905762
08-Oct-20  17:11:42.790956	-0.639648
08-Oct-20  17:11:42.790981	-0.366211
08-Oct-20  17:11:42.791006	-0.124512
08-Oct-20  17:11:42.791031	0.180664
08-Oct-20  17:11:42.791056	0.449219
08-Oct-20  17:11:42.791081	0.722656
08-Oct-20  17:11:42.791106	0.988770
08-Oct-20  17:11:42.791131	1.242676
08-Oct-20  17:11:42.791156	1.501465
08-Oct-20  17:11:42.791181	1.745605
08-Oct-20  17:11:42.791206	1.984863
08-Oct-20  17:11:42.791231	2.207031
08-Oct-20  17:11:42.791256	2.404785
08-Oct-20  17:11:42.791281	2.619629
08-Oct-20  17:11:42.791306	2.802734
08-Oct-20  17:11:42.791331	2.973633
08-Oct-20  17:11:42.791356	3.122559
08-Oct-20  17:11:42.791381	3.259277
08-Oct-20  17:11:42.791406	3.376465
08-Oct-20  17:11:42.791431	3.479004
08-Oct-20  17:11:42.791456	3.557129
08-Oct-20  17:11:42.791481	3.620605
08-Oct-20  17:11:42.791506	3.664551
08-Oct-20  17:11:42.791531	3.684082
08-Oct-20  17:11:42.791556	3.684082
08-Oct-20  17:11:42.791581	3.662109
08-Oct-20  17:11:42.791606	3.623047
08-Oct-20  17:11:42.791631	3.559570
08-Oct-20  17:11:42.791656	3.481445
08-Oct-20  17:11:42.791681	3.383789
08-Oct-20  17:11:42.791706	3.266602
08-Oct-20  17:11:42.791731	3.129883
08-Oct-20  17:11:42.791756	2.980957
08-Oct-20  17:11:42.791781	2.810059
08-Oct-20  17:11:42.791806	2.619629
08-Oct-20  17:11:42.791831	2.426758
08-Oct-20  17:11:42.791856	2.216797
08-Oct-20  17:11:42.791881	1.989746
08-Oct-20  17:11:42.791906	1.755371
08-Oct-20  17:11:42.791931	1.513672
08-Oct-20  17:11:42.791956	1.254883
08-Oct-20  17:11:42.791981	0.996094
08-Oct-20  17:11:42.792006	0.734863
08-Oct-20  17:11:42.792031	0.463867
08-Oct-20  17:11:42.792056	0.195312
08-Oct-20  17:11:42.792081	-0.083008
08-Oct-20  17:11:42.792106	-0.356445
08-Oct-20  17:11:42.792131	-0.627441
08-Oct-20  17:11:42.792156	-0.898437
08-Oct-20  17:11:42.792181	-1.159668
08-Oct-20  17:11:42.792206	-1.416016
08-Oct-20  17:11:42.792231	-1.662598
08-Oct-20  17:11:42.792256	-1.901855
08-Oct-20  17:11:42.792281	-2.136230
08-Oct-20  17:11:42.792306	-2.360840
08-Oct-20  17:11:42.792331	-2.556152
08-Oct-20  17:11:42.792356	-2.751465
08-Oct-20  17:11:42.792381	-2.924805
08-Oct-20  17:11:42.792406	-3.085937
08-Oct-20  17:11:42.792431	-3.229980
08-Oct-20  17:11:42.792456	-3.354492
08-Oct-20  17:11:42.792481	-3.464355
08-Oct-20  17:11:42.792506	-3.552246
08-Oct-20  17:11:42.792531	-3.623047
08-Oct-20  17:11:42.792556	-3.671875
08-Oct-20  17:11:42.792581	-3.701172
08-Oct-20  17:11:42.792606	-3.710937
08-Oct-20  17:11:42.792631	-3.698730
08-Oct-20  17:11:42.792656	-3.669434
08-Oct-20  17:11:42.792681	-3.620605
08-Oct-20  17:11:42.792706	-3.549805
08-Oct-20  17:11:42.792731	-3.459473
08-Oct-20  17:11:42.792756	-3.347168
08-Oct-20  17:11:42.792781	-3.227539
08-Oct-20  17:11:42.792806	-3.076172
08-Oct-20  17:11:42.792831	-2.919922
08-Oct-20  17:11:42.792856	-2.739258
08-Oct-20  17:11:42.792881	-2.561035
08-Oct-20  17:11:42.792906	-2.343750
08-Oct-20  17:11:42.792931	-2.121582
08-Oct-20  17:11:42.792956	-1.899414
08-Oct-20  17:11:42.792981	-1.655273
08-Oct-20  17:11:42.793006	-1.413574
08-Oct-20  17:11:42.793031	-1.149902
08-Oct-20  17:11:42.793056	-0.883789
08-Oct-20  17:11:42.793081	-0.620117
08-Oct-20  17:11:42.793106	-0.346680
08-Oct-20  17:11:42.793131	-0.104980
08-Oct-20  17:11:42.793156	0.200195
08-Oct-20  17:11:42.793181	0.471191
08-Oct-20  17:11:42.793206	0.744629
08-Oct-20  17:11:42.793231	1.008301
08-Oct-20  17:11:42.793256	1.259766
08-Oct-20  17:11:42.793281	1.520996
08-Oct-20  17:11:42.793306	1.760254
08-Oct-20  17:11:42.793331	2.001953
08-Oct-20  17:11:42.793356	2.224121
08-Oct-20  17:11:42.793381	2.419434
08-Oct-20  17:11:42.793406	2.634277
08-Oct-20  17:11:42.793431	2.812500
08-Oct-20  17:11:42.793456	2.980957
08-Oct-20  17:11:42.793481	3.137207
08-Oct-20  17:11:42.793506	3.269043
08-Oct-20  17:11:42.793531	3.386230
08-Oct-20  17:11:42.793556	3.488770
08-Oct-20  17:11:42.793581	3.562012
08-Oct-20  17:11:42.793606	3.620605
08-Oct-20  17:11:42.793631	3.664551
08-Oct-20  17:11:42.793656	3.684082
08-Oct-20  17:11:42.793681	3.679199
08-Oct-20  17:11:42.793706	3.659668
08-Oct-20  17:11:42.793731	3.618164
08-Oct-20  17:11:42.793756	3.557129
08-Oct-20  17:11:42.793781	3.476562
08-Oct-20  17:11:42.793806	3.376465
08-Oct-20  17:11:42.793831	3.256836
08-Oct-20  17:11:42.793856	3.120117
08-Oct-20  17:11:42.793881	2.968750
08-Oct-20  17:11:42.793906	2.795410
08-Oct-20  17:11:42.793931	2.604980
08-Oct-20  17:11:42.793956	2.412109
08-Oct-20  17:11:42.793981	2.197266
08-Oct-20  17:11:42.794006	1.977539
08-Oct-20  17:11:42.794031	1.740723
08-Oct-20  17:11:42.794056	1.494141
08-Oct-20  17:11:42.794081	1.235352
08-Oct-20  17:11:42.794106	0.976562
08-Oct-20  17:11:42.794131	0.712891
08-Oct-20  17:11:42.794156	0.441895
08-Oct-20  17:11:42.794181	0.175781
08-Oct-20  17:11:42.794206	-0.102539
08-Oct-20  17:11:42.794231	-0.375977
08-Oct-20  17:11:42.794256	-0.649414
08-Oct-20  17:11:42.794281	-0.915527
08-Oct-20  17:11:42.794306	-1.181641
08-Oct-20  17:11:42.794331	-1.435547
08-Oct-20  17:11:42.794356	-1.682129
08-Oct-20  17:11:42.794381	-1.923828
08-Oct-20  17:11:42.794406	-2.153320
08-Oct-20  17:11:42.794431	-2.375488
08-Oct-20  17:11:42.794456	-2.570801
08-Oct-20  17:11:42.794481	-2.763672
08-Oct-20  17:11:42.794506	-2.934570
08-Oct-20  17:11:42.794531	-3.100586
08-Oct-20  17:11:42.794556	-3.237305
08-Oct-20  17:11:42.794581	-3.364258
08-Oct-20  17:11:42.794606	-3.469238
08-Oct-20  17:11:42.794631	-3.557129
08-Oct-20  17:11:42.794656	-3.625488
08-Oct-20  17:11:42.794681	-3.674316
08-Oct-20  17:11:42.794706	-3.701172
08-Oct-20  17:11:42.794731	-3.710937
08-Oct-20  17:11:42.794756	-3.698730
08-Oct-20  17:11:42.794781	-3.664551
08-Oct-20  17:11:42.794806	-3.613281
08-Oct-20  17:11:42.794831	-3.540039
08-Oct-20  17:11:42.794856	-3.454590
08-Oct-20  17:11:42.794881	-3.342285
08-Oct-20  17:11:42.794906	-3.217773
08-Oct-20  17:11:42.794931	-3.066406
08-Oct-20  17:11:42.794956	-2.902832
08-Oct-20  17:11:42.794981	-2.727051
08-Oct-20  17:11:42.795006	-2.546387
08-Oct-20  17:11:42.795031	-2.329102
08-Oct-20  17:11:42.795056	-2.106934
08-Oct-20  17:11:42.795081	-1.879883
08-Oct-20  17:11:42.795106	-1.635742
08-Oct-20  17:11:42.795131	-1.394043
08-Oct-20  17:11:42.795156	-1.127930
08-Oct-20  17:11:42.795181	-0.864258
08-Oct-20  17:11:42.795206	-0.603027
08-Oct-20  17:11:42.795231	-0.327148
08-Oct-20  17:11:42.795256	-0.085449
08-Oct-20  17:11:42.795281	0.219727
08-Oct-20  17:11:42.795306	0.488281
08-Oct-20  17:11:42.795331	0.764160
08-Oct-20  17:11:42.795356	1.018066
08-Oct-20  17:11:42.795381	1.289062
08-Oct-20  17:11:42.795406	1.540527
08-Oct-20  17:11:42.795431	1.779785
08-Oct-20  17:11:42.795456	2.014160
08-Oct-20  17:11:42.795481	2.238770
08-Oct-20  17:11:42.795506	2.436523
08-Oct-20  17:11:42.795531	2.646484
08-Oct-20  17:11:42.795556	2.832031
08-Oct-20  17:11:42.795581	2.993164
08-Oct-20  17:11:42.795606	3.146973
08-Oct-20  17:11:42.795631	3.278809
08-Oct-20  17:11:42.795656	3.391113
08-Oct-20  17:11:42.795681	3.491211
08-Oct-20  17:11:42.795706	3.569336
08-Oct-20  17:11:42.795731	3.625488
08-Oct-20  17:11:42.795756	3.666992
08-Oct-20  17:11:42.795781	3.681641
08-Oct-20  17:11:42.795806	3.679199
08-Oct-20  17:11:42.795831	3.654785
08-Oct-20  17:11:42.795856	3.613281
08-Oct-20  17:11:42.795881	3.552246
08-Oct-20  17:11:42.795906	3.466797
08-Oct-20  17:11:42.795931	3.366699
08-Oct-20  17:11:42.795956	3.247070
08-Oct-20  17:11:42.795981	3.110352
08-Oct-20  17:11:42.796006	2.956543
08-Oct-20  17:11:42.796031	2.783203
08-Oct-20  17:11:42.796056	2.590332
08-Oct-20  17:11:42.796081	2.397461
08-Oct-20  17:11:42.796106	2.182617
08-Oct-20  17:11:42.796131	1.955566
08-Oct-20  17:11:42.796156	1.721191
08-Oct-20  17:11:42.796181	1.474609
08-Oct-20  17:11:42.796206	1.215820
08-Oct-20  17:11:42.796231	0.959473
08-Oct-20  17:11:42.796256	0.693359
08-Oct-20  17:11:42.796281	0.422363
08-Oct-20  17:11:42.796306	0.151367
08-Oct-20  17:11:42.796331	-0.126953
08-Oct-20  17:11:42.796356	-0.397949
08-Oct-20  17:11:42.796381	-0.666504
08-Oct-20  17:11:42.796406	-0.935059
08-Oct-20  17:11:42.796431	-1.201172
08-Oct-20  17:11:42.796456	-1.455078
08-Oct-20  17:11:42.796481	-1.701660
08-Oct-20  17:11:42.796506	-1.940918
08-Oct-20  17:11:42.796531	-2.165527
08-Oct-20  17:11:42.796556	-2.390137
08-Oct-20  17:11:42.796581	-2.585449
08-Oct-20  17:11:42.796606	-2.778320
08-Oct-20  17:11:42.796631	-2.949219
08-Oct-20  17:11:42.796656	-3.110352
08-Oct-20  17:11:42.796681	-3.251953
08-Oct-20  17:11:42.796706	-3.374023
08-Oct-20  17:11:42.796731	-3.476562
08-Oct-20  17:11:42.796756	-3.562012
08-Oct-20  17:11:42.796781	-3.630371
08-Oct-20  17:11:42.796806	-3.676758
08-Oct-20  17:11:42.796831	-3.706055
08-Oct-20  17:11:42.796856	-3.710937
08-Oct-20  17:11:42.796881	-3.698730
08-Oct-20  17:11:42.796906	-3.662109
08-Oct-20  17:11:42.796931	-3.608398
08-Oct-20  17:11:42.796956	-3.535156
08-Oct-20  17:11:42.796981	-3.444824
08-Oct-20  17:11:42.797006	-3.332520
08-Oct-20  17:11:42.797031	-3.208008
08-Oct-20  17:11:42.797056	-3.056641
08-Oct-20  17:11:42.797081	-2.893066
08-Oct-20  17:11:42.797106	-2.714844
08-Oct-20  17:11:42.797131	-2.531738
08-Oct-20  17:11:42.797156	-2.309570
08-Oct-20  17:11:42.797181	-2.092285
08-Oct-20  17:11:42.797206	-1.862793
08-Oct-20  17:11:42.797231	-1.616211
08-Oct-20  17:11:42.797256	-1.374512
08-Oct-20  17:11:42.797281	-1.110840
08-Oct-20  17:11:42.797306	-0.849609
08-Oct-20  17:11:42.797331	-0.576172
08-Oct-20  17:11:42.797356	-0.302734
08-Oct-20  17:11:42.797381	-0.061035
08-Oct-20  17:11:42.797406	0.241699
08-Oct-20  17:11:42.797431	0.507812
08-Oct-20  17:11:42.797456	0.783691
08-Oct-20  17:11:42.797481	1.037598
08-Oct-20  17:11:42.797506	1.303711
08-Oct-20  17:11:42.797531	1.557617
08-Oct-20  17:11:42.797556	1.799316
08-Oct-20  17:11:42.797581	2.033691
08-Oct-20  17:11:42.797606	2.255859
08-Oct-20  17:11:42.797631	2.451172
08-Oct-20  17:11:42.797656	2.661133
08-Oct-20  17:11:42.797681	2.844238
08-Oct-20  17:11:42.797706	3.002930
08-Oct-20  17:11:42.797731	3.156738
08-Oct-20  17:11:42.797756	3.291016
08-Oct-20  17:11:42.797781	3.400879
08-Oct-20  17:11:42.797806	3.498535
08-Oct-20  17:11:42.797831	3.574219
08-Oct-20  17:11:42.797856	3.630371
08-Oct-20  17:11:42.797881	3.666992
08-Oct-20  17:11:42.797906	3.681641
08-Oct-20  17:11:42.797931	3.679199
08-Oct-20  17:11:42.797956	3.654785
08-Oct-20  17:11:42.797981	3.610840
08-Oct-20  17:11:42.798006	3.544922
08-Oct-20  17:11:42.798031	3.459473
08-Oct-20  17:11:42.798056	3.361816
08-Oct-20  17:11:42.798081	3.242187
08-Oct-20  17:11:42.798106	3.100586
08-Oct-20  17:11:42.798131	2.944336
08-Oct-20  17:11:42.798156	2.770996
08-Oct-20  17:11:42.798181	2.575684
08-Oct-20  17:11:42.798206	2.380371
08-Oct-20  17:11:42.798231	2.170410
08-Oct-20  17:11:42.798256	1.938477
08-Oct-20  17:11:42.798281	1.701660
08-Oct-20  17:11:42.798306	1.455078
08-Oct-20  17:11:42.798331	1.196289
08-Oct-20  17:11:42.798356	0.939941
08-Oct-20  17:11:42.798381	0.666504
08-Oct-20  17:11:42.798406	0.402832
08-Oct-20  17:11:42.798431	0.131836
08-Oct-20  17:11:42.798456	-0.144043
08-Oct-20  17:11:42.798481	-0.417480
08-Oct-20  17:11:42.798506	-0.686035
08-Oct-20  17:11:42.798531	-0.954590
08-Oct-20  17:11:42.798556	-1.218262
08-Oct-20  17:11:42.798581	-1.474609
08-Oct-20  17:11:42.798606	-1.721191
08-Oct-20  17:11:42.798631	-1.958008
08-Oct-20  17:11:42.798656	-2.187500
08-Oct-20  17:11:42.798681	-2.404785
08-Oct-20  17:11:42.798706	-2.600098
08-Oct-20  17:11:42.798731	-2.792969
08-Oct-20  17:11:42.798756	-2.961426
08-Oct-20  17:11:42.798781	-3.120117
08-Oct-20  17:11:42.798806	-3.259277
08-Oct-20  17:11:42.798831	-3.378906
08-Oct-20  17:11:42.798856	-3.483887
08-Oct-20  17:11:42.798881	-3.569336
08-Oct-20  17:11:42.798906	-3.635254
08-Oct-20  17:11:42.798931	-3.679199
08-Oct-20  17:11:42.798956	-3.706055
08-Oct-20  17:11:42.798981	-3.710937
08-Oct-20  17:11:42.799006	-3.693848
08-Oct-20  17:11:42.799031	-3.659668
08-Oct-20  17:11:42.799056	-3.605957
08-Oct-20  17:11:42.799081	-3.530273
08-Oct-20  17:11:42.799106	-3.437500
08-Oct-20  17:11:42.799131	-3.322754
08-Oct-20  17:11:42.799156	-3.195801
08-Oct-20  17:11:42.799181	-3.044434
08-Oct-20  17:11:42.799206	-2.880859
08-Oct-20  17:11:42.799231	-2.697754
08-Oct-20  17:11:42.799256	-2.517090
08-Oct-20  17:11:42.799281	-2.294922
08-Oct-20  17:11:42.799306	-2.075195
08-Oct-20  17:11:42.799331	-1.840820
08-Oct-20  17:11:42.799356	-1.601562
08-Oct-20  17:11:42.799381	-1.354980
08-Oct-20  17:11:42.799406	-1.091309
08-Oct-20  17:11:42.799431	-0.830078
08-Oct-20  17:11:42.799456	-0.556641
08-Oct-20  17:11:42.799481	-0.283203
08-Oct-20  17:11:42.799506	-0.041504
08-Oct-20  17:11:42.799531	0.263672
08-Oct-20  17:11:42.799556	0.532227
08-Oct-20  17:11:42.799581	0.800781
08-Oct-20  17:11:42.799606	1.057129
08-Oct-20  17:11:42.799631	1.323242
08-Oct-20  17:11:42.799656	1.574707
08-Oct-20  17:11:42.799681	1.813965
08-Oct-20  17:11:42.799706	2.048340
08-Oct-20  17:11:42.799731	2.272949
08-Oct-20  17:11:42.799756	2.463379
08-Oct-20  17:11:42.799781	2.675781
08-Oct-20  17:11:42.799806	2.854004
08-Oct-20  17:11:42.799831	3.017578
08-Oct-20  17:11:42.799856	3.168945
08-Oct-20  17:11:42.799881	3.298340
08-Oct-20  17:11:42.799906	3.410645
08-Oct-20  17:11:42.799931	3.505859
08-Oct-20  17:11:42.799956	3.579102
08-Oct-20  17:11:42.799981	3.635254
08-Oct-20  17:11:42.800006	3.669434
08-Oct-20  17:11:42.800031	3.681641
08-Oct-20  17:11:42.800056	3.679199
08-Oct-20  17:11:42.800081	3.654785
08-Oct-20  17:11:42.800106	3.608398
08-Oct-20  17:11:42.800131	3.540039
08-Oct-20  17:11:42.800156	3.454590
08-Oct-20  17:11:42.800181	3.352051
08-Oct-20  17:11:42.800206	3.229980
08-Oct-20  17:11:42.800231	3.090820
08-Oct-20  17:11:42.800256	2.932129
08-Oct-20  17:11:42.800281	2.758789
08-Oct-20  17:11:42.800306	2.561035
08-Oct-20  17:11:42.800331	2.368164
08-Oct-20  17:11:42.800356	2.148437
08-Oct-20  17:11:42.800381	1.921387
08-Oct-20  17:11:42.800406	1.687012
08-Oct-20  17:11:42.800431	1.433105
08-Oct-20  17:11:42.800456	1.181641
08-Oct-20  17:11:42.800481	0.920410
08-Oct-20  17:11:42.800506	0.649414
08-Oct-20  17:11:42.800531	0.378418
08-Oct-20  17:11:42.800556	0.114746
08-Oct-20  17:11:42.800581	-0.163574
08-Oct-20  17:11:42.800606	-0.437012
08-Oct-20  17:11:42.800631	-0.705566
08-Oct-20  17:11:42.800656	-0.976562
08-Oct-20  17:11:42.800681	-1.237793
08-Oct-20  17:11:42.800706	-1.489258
08-Oct-20  17:11:42.800731	-1.735840
08-Oct-20  17:11:42.800756	-1.972656
08-Oct-20  17:11:42.800781	-2.199707
08-Oct-20  17:11:42.800806	-2.424316
08-Oct-20  17:11:42.800831	-2.614746
08-Oct-20  17:11:42.800856	-2.802734
08-Oct-20  17:11:42.800881	-2.973633
08-Oct-20  17:11:42.800906	-3.134766
08-Oct-20  17:11:42.800931	-3.269043
08-Oct-20  17:11:42.800956	-3.388672
08-Oct-20  17:11:42.800981	-3.493652
08-Oct-20  17:11:42.801006	-3.574219
08-Oct-20  17:11:42.801031	-3.640137
08-Oct-20  17:11:42.801056	-3.679199
08-Oct-20  17:11:42.801081	-3.706055
08-Oct-20  17:11:42.801106	-3.710937
08-Oct-20  17:11:42.801131	-3.691406
08-Oct-20  17:11:42.801156	-3.652344
08-Oct-20  17:11:42.801181	-3.601074
08-Oct-20  17:11:42.801206	-3.525391
08-Oct-20  17:11:42.801231	-3.425293
08-Oct-20  17:11:42.801256	-3.312988
08-Oct-20  17:11:42.801281	-3.186035
08-Oct-20  17:11:42.801306	-3.034668
08-Oct-20  17:11:42.801331	-2.866211
08-Oct-20  17:11:42.801356	-2.683105
08-Oct-20  17:11:42.801381	-2.502441
08-Oct-20  17:11:42.801406	-2.280273
08-Oct-20  17:11:42.801431	-2.060547
08-Oct-20  17:11:42.801456	-1.821289
08-Oct-20  17:11:42.801481	-1.582031
08-Oct-20  17:11:42.801506	-1.337891
08-Oct-20  17:11:42.801531	-1.071777
08-Oct-20  17:11:42.801556	-0.810547
08-Oct-20  17:11:42.801581	-0.537109
08-Oct-20  17:11:42.801606	-0.263672
08-Oct-20  17:11:42.801631	-0.021973
08-Oct-20  17:11:42.801656	0.283203
08-Oct-20  17:11:42.801681	0.551758
08-Oct-20  17:11:42.801706	0.822754
08-Oct-20  17:11:42.801731	1.076660
08-Oct-20  17:11:42.801756	1.342773
08-Oct-20  17:11:42.801781	1.596680
08-Oct-20  17:11:42.801806	1.833496
08-Oct-20  17:11:42.801831	2.067871
08-Oct-20  17:11:42.801856	2.285156
08-Oct-20  17:11:42.801881	2.478027
08-Oct-20  17:11:42.801906	2.687988
08-Oct-20  17:11:42.801931	2.868652
08-Oct-20  17:11:42.801956	3.027344
08-Oct-20  17:11:42.801981	3.178711
08-Oct-20  17:11:42.802006	3.308105
08-Oct-20  17:11:42.802031	3.415527
08-Oct-20  17:11:42.802056	3.510742
08-Oct-20  17:11:42.802081	3.581543
08-Oct-20  17:11:42.802106	3.635254
08-Oct-20  17:11:42.802131	3.671875
08-Oct-20  17:11:42.802156	3.686523
08-Oct-20  17:11:42.802181	3.676758
08-Oct-20  17:11:42.802206	3.649902
08-Oct-20  17:11:42.802231	3.601074
08-Oct-20  17:11:42.802256	3.535156
08-Oct-20  17:11:42.802281	3.444824
08-Oct-20  17:11:42.802306	3.344727
08-Oct-20  17:11:42.802331	3.220215
08-Oct-20  17:11:42.802356	3.078613
08-Oct-20  17:11:42.802381	2.915039
08-Oct-20  17:11:42.802406	2.744141
08-Oct-20  17:11:42.802431	2.546387
08-Oct-20  17:11:42.802456	2.351074
08-Oct-20  17:11:42.802481	2.133789
08-Oct-20  17:11:42.802506	1.904297
08-Oct-20  17:11:42.802531	1.667480
08-Oct-20  17:11:42.802556	1.418457
08-Oct-20  17:11:42.802581	1.162109
08-Oct-20  17:11:42.802606	0.900879
08-Oct-20  17:11:42.802631	0.629883
08-Oct-20  17:11:42.802656	0.358887
08-Oct-20  17:11:42.802681	0.092773
08-Oct-20  17:11:42.802706	-0.185547
08-Oct-20  17:11:42.802731	-0.456543
08-Oct-20  17:11:42.802756	-0.725098
08-Oct-20  17:11:42.802781	-0.993652
08-Oct-20  17:11:42.802806	-1.259766
08-Oct-20  17:11:42.802831	-1.508789
08-Oct-20  17:11:42.802856	-1.755371
08-Oct-20  17:11:42.802881	-1.989746
08-Oct-20  17:11:42.802906	-2.219238
08-Oct-20  17:11:42.802931	-2.438965
08-Oct-20  17:11:42.802956	-2.626953
08-Oct-20  17:11:42.802981	-2.817383
08-Oct-20  17:11:42.803006	-2.988281
08-Oct-20  17:11:42.803031	-3.144531
08-Oct-20  17:11:42.803056	-3.276367
08-Oct-20  17:11:42.803081	-3.398437
08-Oct-20  17:11:42.803106	-3.496094
08-Oct-20  17:11:42.803131	-3.579102
08-Oct-20  17:11:42.803156	-3.642578
08-Oct-20  17:11:42.803181	-3.684082
08-Oct-20  17:11:42.803206	-3.703613
