t0	08-Oct-20  17:09:55.471859
delta t	2.500000E-5

time	Y
08-Oct-20  17:09:55.471859	-3.574219
08-Oct-20  17:09:55.471884	-3.576660
08-Oct-20  17:09:55.471909	-3.576660
08-Oct-20  17:09:55.471934	-3.576660
08-Oct-20  17:09:55.471959	-3.576660
08-Oct-20  17:09:55.471984	-3.576660
08-Oct-20  17:09:55.472009	-3.574219
08-Oct-20  17:09:55.472034	-3.576660
08-Oct-20  17:09:55.472059	-3.574219
08-Oct-20  17:09:55.472084	-3.576660
08-Oct-20  17:09:55.472109	-3.576660
08-Oct-20  17:09:55.472134	-3.576660
08-Oct-20  17:09:55.472159	-3.576660
08-Oct-20  17:09:55.472184	-3.576660
08-Oct-20  17:09:55.472209	-3.576660
08-Oct-20  17:09:55.472234	-3.574219
08-Oct-20  17:09:55.472259	-3.576660
08-Oct-20  17:09:55.472284	-3.576660
08-Oct-20  17:09:55.472309	-3.576660
08-Oct-20  17:09:55.472334	-3.574219
08-Oct-20  17:09:55.472359	-3.576660
08-Oct-20  17:09:55.472384	-3.576660
08-Oct-20  17:09:55.472409	-3.574219
08-Oct-20  17:09:55.472434	-2.094727
08-Oct-20  17:09:55.472459	0.102539
08-Oct-20  17:09:55.472484	0.375977
08-Oct-20  17:09:55.472509	0.639648
08-Oct-20  17:09:55.472534	0.908203
08-Oct-20  17:09:55.472559	1.162109
08-Oct-20  17:09:55.472584	1.425781
08-Oct-20  17:09:55.472609	1.674805
08-Oct-20  17:09:55.472634	1.909180
08-Oct-20  17:09:55.472659	2.141113
08-Oct-20  17:09:55.472684	2.358398
08-Oct-20  17:09:55.472709	2.543945
08-Oct-20  17:09:55.472734	2.749023
08-Oct-20  17:09:55.472759	2.924805
08-Oct-20  17:09:55.472784	3.078613
08-Oct-20  17:09:55.472809	3.222656
08-Oct-20  17:09:55.472834	3.347168
08-Oct-20  17:09:55.472859	3.449707
08-Oct-20  17:09:55.472884	3.535156
08-Oct-20  17:09:55.472909	3.603516
08-Oct-20  17:09:55.472934	3.647461
08-Oct-20  17:09:55.472959	3.679199
08-Oct-20  17:09:55.472984	3.686523
08-Oct-20  17:09:55.473009	3.669434
08-Oct-20  17:09:55.473034	3.632812
08-Oct-20  17:09:55.473059	3.579102
08-Oct-20  17:09:55.473084	3.505859
08-Oct-20  17:09:55.473109	3.413086
08-Oct-20  17:09:55.473134	3.305664
08-Oct-20  17:09:55.473159	3.171387
08-Oct-20  17:09:55.473184	3.027344
08-Oct-20  17:09:55.473209	2.858887
08-Oct-20  17:09:55.473234	2.683105
08-Oct-20  17:09:55.473259	2.478027
08-Oct-20  17:09:55.473284	2.277832
08-Oct-20  17:09:55.473309	2.058105
08-Oct-20  17:09:55.473334	1.826172
08-Oct-20  17:09:55.473359	1.584473
08-Oct-20  17:09:55.473384	1.330566
08-Oct-20  17:09:55.473409	1.076660
08-Oct-20  17:09:55.473434	0.810547
08-Oct-20  17:09:55.473459	0.541992
08-Oct-20  17:09:55.473484	0.270996
08-Oct-20  17:09:55.473509	0.000000
08-Oct-20  17:09:55.473534	-0.273437
08-Oct-20  17:09:55.473559	-0.546875
08-Oct-20  17:09:55.473584	-0.815430
08-Oct-20  17:09:55.473609	-1.081543
08-Oct-20  17:09:55.473634	-1.345215
08-Oct-20  17:09:55.473659	-1.594238
08-Oct-20  17:09:55.473684	-1.833496
08-Oct-20  17:09:55.473709	-2.067871
08-Oct-20  17:09:55.473734	-2.287598
08-Oct-20  17:09:55.473759	-2.504883
08-Oct-20  17:09:55.473784	-2.692871
08-Oct-20  17:09:55.473809	-2.875977
08-Oct-20  17:09:55.473834	-3.037109
08-Oct-20  17:09:55.473859	-3.188477
08-Oct-20  17:09:55.473884	-3.320312
08-Oct-20  17:09:55.473909	-3.435059
08-Oct-20  17:09:55.473934	-3.527832
08-Oct-20  17:09:55.473959	-3.603516
08-Oct-20  17:09:55.473984	-3.659668
08-Oct-20  17:09:55.474009	-3.693848
08-Oct-20  17:09:55.474034	-3.710937
08-Oct-20  17:09:55.474059	-3.703613
08-Oct-20  17:09:55.474084	-3.679199
08-Oct-20  17:09:55.474109	-3.635254
08-Oct-20  17:09:55.474134	-3.569336
08-Oct-20  17:09:55.474159	-3.486328
08-Oct-20  17:09:55.474184	-3.381348
08-Oct-20  17:09:55.474209	-3.264160
08-Oct-20  17:09:55.474234	-3.127441
08-Oct-20  17:09:55.474259	-2.963867
08-Oct-20  17:09:55.474284	-2.795410
08-Oct-20  17:09:55.474309	-2.622070
08-Oct-20  17:09:55.474334	-2.402344
08-Oct-20  17:09:55.474359	-2.189941
08-Oct-20  17:09:55.474384	-1.967773
08-Oct-20  17:09:55.474409	-1.726074
08-Oct-20  17:09:55.474434	-1.479492
08-Oct-20  17:09:55.474459	-1.232910
08-Oct-20  17:09:55.474484	-0.964355
08-Oct-20  17:09:55.474509	-0.703125
08-Oct-20  17:09:55.474534	-0.427246
08-Oct-20  17:09:55.474559	-0.183105
08-Oct-20  17:09:55.474584	0.122070
08-Oct-20  17:09:55.474609	0.393066
08-Oct-20  17:09:55.474634	0.659180
08-Oct-20  17:09:55.474659	0.930176
08-Oct-20  17:09:55.474684	1.184082
08-Oct-20  17:09:55.474709	1.445312
08-Oct-20  17:09:55.474734	1.694336
08-Oct-20  17:09:55.474759	1.926270
08-Oct-20  17:09:55.474784	2.155762
08-Oct-20  17:09:55.474809	2.355957
08-Oct-20  17:09:55.474834	2.575684
08-Oct-20  17:09:55.474859	2.763672
08-Oct-20  17:09:55.474884	2.934570
08-Oct-20  17:09:55.474909	3.088379
08-Oct-20  17:09:55.474934	3.229980
08-Oct-20  17:09:55.474959	3.352051
08-Oct-20  17:09:55.474984	3.454590
08-Oct-20  17:09:55.475009	3.540039
08-Oct-20  17:09:55.475034	3.605957
08-Oct-20  17:09:55.475059	3.652344
08-Oct-20  17:09:55.475084	3.679199
08-Oct-20  17:09:55.475109	3.684082
08-Oct-20  17:09:55.475134	3.666992
08-Oct-20  17:09:55.475159	3.630371
08-Oct-20  17:09:55.475184	3.576660
08-Oct-20  17:09:55.475209	3.500977
08-Oct-20  17:09:55.475234	3.405762
08-Oct-20  17:09:55.475259	3.295898
08-Oct-20  17:09:55.475284	3.161621
08-Oct-20  17:09:55.475309	3.015137
08-Oct-20  17:09:55.475334	2.846680
08-Oct-20  17:09:55.475359	2.670898
08-Oct-20  17:09:55.475384	2.463379
08-Oct-20  17:09:55.475409	2.263184
08-Oct-20  17:09:55.475434	2.043457
08-Oct-20  17:09:55.475459	1.809082
08-Oct-20  17:09:55.475484	1.564941
08-Oct-20  17:09:55.475509	1.311035
08-Oct-20  17:09:55.475534	1.057129
08-Oct-20  17:09:55.475559	0.791016
08-Oct-20  17:09:55.475584	0.522461
08-Oct-20  17:09:55.475609	0.251465
08-Oct-20  17:09:55.475634	-0.017090
08-Oct-20  17:09:55.475659	-0.297852
08-Oct-20  17:09:55.475684	-0.566406
08-Oct-20  17:09:55.475709	-0.837402
08-Oct-20  17:09:55.475734	-1.101074
08-Oct-20  17:09:55.475759	-1.364746
08-Oct-20  17:09:55.475784	-1.611328
08-Oct-20  17:09:55.475809	-1.855469
08-Oct-20  17:09:55.475834	-2.084961
08-Oct-20  17:09:55.475859	-2.307129
08-Oct-20  17:09:55.475884	-2.524414
08-Oct-20  17:09:55.475909	-2.707520
08-Oct-20  17:09:55.475934	-2.888184
08-Oct-20  17:09:55.475959	-3.054199
08-Oct-20  17:09:55.475984	-3.198242
08-Oct-20  17:09:55.476009	-3.327637
08-Oct-20  17:09:55.476034	-3.442383
08-Oct-20  17:09:55.476059	-3.535156
08-Oct-20  17:09:55.476084	-3.608398
08-Oct-20  17:09:55.476109	-3.662109
08-Oct-20  17:09:55.476134	-3.693848
08-Oct-20  17:09:55.476159	-3.708496
08-Oct-20  17:09:55.476184	-3.701172
08-Oct-20  17:09:55.476209	-3.676758
08-Oct-20  17:09:55.476234	-3.630371
08-Oct-20  17:09:55.476259	-3.562012
08-Oct-20  17:09:55.476284	-3.479004
08-Oct-20  17:09:55.476309	-3.374023
08-Oct-20  17:09:55.476334	-3.254395
08-Oct-20  17:09:55.476359	-3.117676
08-Oct-20  17:09:55.476384	-2.954102
08-Oct-20  17:09:55.476409	-2.778320
08-Oct-20  17:09:55.476434	-2.607422
08-Oct-20  17:09:55.476459	-2.390137
08-Oct-20  17:09:55.476484	-2.175293
08-Oct-20  17:09:55.476509	-1.948242
08-Oct-20  17:09:55.476534	-1.706543
08-Oct-20  17:09:55.476559	-1.457520
08-Oct-20  17:09:55.476584	-1.213379
08-Oct-20  17:09:55.476609	-0.942383
08-Oct-20  17:09:55.476634	-0.678711
08-Oct-20  17:09:55.476659	-0.405273
08-Oct-20  17:09:55.476684	-0.163574
08-Oct-20  17:09:55.476709	0.141602
08-Oct-20  17:09:55.476734	0.415039
08-Oct-20  17:09:55.476759	0.678711
08-Oct-20  17:09:55.476784	0.949707
08-Oct-20  17:09:55.476809	1.203613
08-Oct-20  17:09:55.476834	1.464844
08-Oct-20  17:09:55.476859	1.711426
08-Oct-20  17:09:55.476884	1.943359
08-Oct-20  17:09:55.476909	2.175293
08-Oct-20  17:09:55.476934	2.373047
08-Oct-20  17:09:55.476959	2.590332
08-Oct-20  17:09:55.476984	2.775879
08-Oct-20  17:09:55.477009	2.946777
08-Oct-20  17:09:55.477034	3.098145
08-Oct-20  17:09:55.477059	3.239746
08-Oct-20  17:09:55.477084	3.359375
08-Oct-20  17:09:55.477109	3.464355
08-Oct-20  17:09:55.477134	3.544922
08-Oct-20  17:09:55.477159	3.610840
08-Oct-20  17:09:55.477184	3.654785
08-Oct-20  17:09:55.477209	3.679199
08-Oct-20  17:09:55.477234	3.684082
08-Oct-20  17:09:55.477259	3.664551
08-Oct-20  17:09:55.477284	3.627930
08-Oct-20  17:09:55.477309	3.571777
08-Oct-20  17:09:55.477334	3.493652
08-Oct-20  17:09:55.477359	3.395996
08-Oct-20  17:09:55.477384	3.286133
08-Oct-20  17:09:55.477409	3.151855
08-Oct-20  17:09:55.477434	3.002930
08-Oct-20  17:09:55.477459	2.834473
08-Oct-20  17:09:55.477484	2.656250
08-Oct-20  17:09:55.477509	2.448730
08-Oct-20  17:09:55.477534	2.248535
08-Oct-20  17:09:55.477559	2.023926
08-Oct-20  17:09:55.477584	1.789551
08-Oct-20  17:09:55.477609	1.545410
08-Oct-20  17:09:55.477634	1.291504
08-Oct-20  17:09:55.477659	1.035156
08-Oct-20  17:09:55.477684	0.771484
08-Oct-20  17:09:55.477709	0.502930
08-Oct-20  17:09:55.477734	0.231934
08-Oct-20  17:09:55.477759	-0.036621
08-Oct-20  17:09:55.477784	-0.317383
08-Oct-20  17:09:55.477809	-0.588379
08-Oct-20  17:09:55.477834	-0.856934
08-Oct-20  17:09:55.477859	-1.123047
08-Oct-20  17:09:55.477884	-1.374512
08-Oct-20  17:09:55.477909	-1.628418
08-Oct-20  17:09:55.477934	-1.872559
08-Oct-20  17:09:55.477959	-2.099609
08-Oct-20  17:09:55.477984	-2.319336
08-Oct-20  17:09:55.478009	-2.536621
08-Oct-20  17:09:55.478034	-2.724609
08-Oct-20  17:09:55.478059	-2.900391
08-Oct-20  17:09:55.478084	-3.063965
08-Oct-20  17:09:55.478109	-3.210449
08-Oct-20  17:09:55.478134	-3.334961
08-Oct-20  17:09:55.478159	-3.447266
08-Oct-20  17:09:55.478184	-3.537598
08-Oct-20  17:09:55.478209	-3.610840
08-Oct-20  17:09:55.478234	-3.662109
08-Oct-20  17:09:55.478259	-3.696289
08-Oct-20  17:09:55.478284	-3.708496
08-Oct-20  17:09:55.478309	-3.698730
08-Oct-20  17:09:55.478334	-3.671875
08-Oct-20  17:09:55.478359	-3.625488
08-Oct-20  17:09:55.478384	-3.557129
08-Oct-20  17:09:55.478409	-3.471680
08-Oct-20  17:09:55.478434	-3.364258
08-Oct-20  17:09:55.478459	-3.242187
08-Oct-20  17:09:55.478484	-3.103027
08-Oct-20  17:09:55.478509	-2.941895
08-Oct-20  17:09:55.478534	-2.768555
08-Oct-20  17:09:55.478559	-2.592773
08-Oct-20  17:09:55.478584	-2.373047
08-Oct-20  17:09:55.478609	-2.155762
08-Oct-20  17:09:55.478634	-1.931152
08-Oct-20  17:09:55.478659	-1.689453
08-Oct-20  17:09:55.478684	-1.437988
08-Oct-20  17:09:55.478709	-1.193848
08-Oct-20  17:09:55.478734	-0.925293
08-Oct-20  17:09:55.478759	-0.659180
08-Oct-20  17:09:55.478784	-0.385742
08-Oct-20  17:09:55.478809	-0.144043
08-Oct-20  17:09:55.478834	0.161133
08-Oct-20  17:09:55.478859	0.434570
08-Oct-20  17:09:55.478884	0.698242
08-Oct-20  17:09:55.478909	0.969238
08-Oct-20  17:09:55.478934	1.223145
08-Oct-20  17:09:55.478959	1.484375
08-Oct-20  17:09:55.478984	1.726074
08-Oct-20  17:09:55.479009	1.965332
08-Oct-20  17:09:55.479034	2.189941
08-Oct-20  17:09:55.479059	2.387695
08-Oct-20  17:09:55.479084	2.604980
08-Oct-20  17:09:55.479109	2.788086
08-Oct-20  17:09:55.479134	2.963867
08-Oct-20  17:09:55.479159	3.110352
08-Oct-20  17:09:55.479184	3.249512
08-Oct-20  17:09:55.479209	3.366699
08-Oct-20  17:09:55.479234	3.471680
08-Oct-20  17:09:55.479259	3.552246
08-Oct-20  17:09:55.479284	3.613281
08-Oct-20  17:09:55.479309	3.657227
08-Oct-20  17:09:55.479334	3.681641
08-Oct-20  17:09:55.479359	3.681641
08-Oct-20  17:09:55.479384	3.664551
08-Oct-20  17:09:55.479409	3.625488
08-Oct-20  17:09:55.479434	3.566895
08-Oct-20  17:09:55.479459	3.488770
08-Oct-20  17:09:55.479484	3.391113
08-Oct-20  17:09:55.479509	3.278809
08-Oct-20  17:09:55.479534	3.139648
08-Oct-20  17:09:55.479559	2.990723
08-Oct-20  17:09:55.479584	2.819824
08-Oct-20  17:09:55.479609	2.641602
08-Oct-20  17:09:55.479634	2.436523
08-Oct-20  17:09:55.479659	2.229004
08-Oct-20  17:09:55.479684	2.009277
08-Oct-20  17:09:55.479709	1.774902
08-Oct-20  17:09:55.479734	1.530762
08-Oct-20  17:09:55.479759	1.269531
08-Oct-20  17:09:55.479784	1.018066
08-Oct-20  17:09:55.479809	0.751953
08-Oct-20  17:09:55.479834	0.480957
08-Oct-20  17:09:55.479859	0.207520
08-Oct-20  17:09:55.479884	-0.061035
08-Oct-20  17:09:55.479909	-0.336914
08-Oct-20  17:09:55.479934	-0.610352
08-Oct-20  17:09:55.479959	-0.878906
08-Oct-20  17:09:55.479984	-1.142578
08-Oct-20  17:09:55.480009	-1.394043
08-Oct-20  17:09:55.480034	-1.645508
08-Oct-20  17:09:55.480059	-1.889648
08-Oct-20  17:09:55.480084	-2.116699
08-Oct-20  17:09:55.480109	-2.333984
08-Oct-20  17:09:55.480134	-2.553711
08-Oct-20  17:09:55.480159	-2.736816
08-Oct-20  17:09:55.480184	-2.912598
08-Oct-20  17:09:55.480209	-3.076172
08-Oct-20  17:09:55.480234	-3.217773
08-Oct-20  17:09:55.480259	-3.347168
08-Oct-20  17:09:55.480284	-3.459473
08-Oct-20  17:09:55.480309	-3.544922
08-Oct-20  17:09:55.480334	-3.615723
08-Oct-20  17:09:55.480359	-3.666992
08-Oct-20  17:09:55.480384	-3.696289
08-Oct-20  17:09:55.480409	-3.708496
08-Oct-20  17:09:55.480434	-3.698730
08-Oct-20  17:09:55.480459	-3.671875
08-Oct-20  17:09:55.480484	-3.623047
08-Oct-20  17:09:55.480509	-3.552246
08-Oct-20  17:09:55.480534	-3.466797
08-Oct-20  17:09:55.480559	-3.356934
08-Oct-20  17:09:55.480584	-3.229980
08-Oct-20  17:09:55.480609	-3.093262
08-Oct-20  17:09:55.480634	-2.927246
08-Oct-20  17:09:55.480659	-2.753906
08-Oct-20  17:09:55.480684	-2.575684
08-Oct-20  17:09:55.480709	-2.355957
08-Oct-20  17:09:55.480734	-2.141113
08-Oct-20  17:09:55.480759	-1.916504
08-Oct-20  17:09:55.480784	-1.672363
08-Oct-20  17:09:55.480809	-1.418457
08-Oct-20  17:09:55.480834	-1.174316
08-Oct-20  17:09:55.480859	-0.905762
08-Oct-20  17:09:55.480884	-0.639648
08-Oct-20  17:09:55.480909	-0.363770
08-Oct-20  17:09:55.480934	-0.122070
08-Oct-20  17:09:55.480959	0.183105
08-Oct-20  17:09:55.480984	0.451660
08-Oct-20  17:09:55.481009	0.725098
08-Oct-20  17:09:55.481034	0.988770
08-Oct-20  17:09:55.481059	1.240234
08-Oct-20  17:09:55.481084	1.499023
08-Oct-20  17:09:55.481109	1.743164
08-Oct-20  17:09:55.481134	1.982422
08-Oct-20  17:09:55.481159	2.204590
08-Oct-20  17:09:55.481184	2.404785
08-Oct-20  17:09:55.481209	2.617187
08-Oct-20  17:09:55.481234	2.802734
08-Oct-20  17:09:55.481259	2.973633
08-Oct-20  17:09:55.481284	3.120117
08-Oct-20  17:09:55.481309	3.259277
08-Oct-20  17:09:55.481334	3.376465
08-Oct-20  17:09:55.481359	3.481445
08-Oct-20  17:09:55.481384	3.557129
08-Oct-20  17:09:55.481409	3.620605
08-Oct-20  17:09:55.481434	3.659668
08-Oct-20  17:09:55.481459	3.681641
08-Oct-20  17:09:55.481484	3.681641
08-Oct-20  17:09:55.481509	3.659668
08-Oct-20  17:09:55.481534	3.618164
08-Oct-20  17:09:55.481559	3.562012
08-Oct-20  17:09:55.481584	3.481445
08-Oct-20  17:09:55.481609	3.381348
08-Oct-20  17:09:55.481634	3.266602
08-Oct-20  17:09:55.481659	3.132324
08-Oct-20  17:09:55.481684	2.980957
08-Oct-20  17:09:55.481709	2.810059
08-Oct-20  17:09:55.481734	2.626953
08-Oct-20  17:09:55.481759	2.419434
08-Oct-20  17:09:55.481784	2.211914
08-Oct-20  17:09:55.481809	1.989746
08-Oct-20  17:09:55.481834	1.755371
08-Oct-20  17:09:55.481859	1.511230
08-Oct-20  17:09:55.481884	1.252441
08-Oct-20  17:09:55.481909	0.996094
08-Oct-20  17:09:55.481934	0.732422
08-Oct-20  17:09:55.481959	0.461426
08-Oct-20  17:09:55.481984	0.187988
08-Oct-20  17:09:55.482009	-0.080566
08-Oct-20  17:09:55.482034	-0.358887
08-Oct-20  17:09:55.482059	-0.632324
08-Oct-20  17:09:55.482084	-0.895996
08-Oct-20  17:09:55.482109	-1.162109
08-Oct-20  17:09:55.482134	-1.413574
08-Oct-20  17:09:55.482159	-1.665039
08-Oct-20  17:09:55.482184	-1.906738
08-Oct-20  17:09:55.482209	-2.133789
08-Oct-20  17:09:55.482234	-2.353516
08-Oct-20  17:09:55.482259	-2.565918
08-Oct-20  17:09:55.482284	-2.746582
08-Oct-20  17:09:55.482309	-2.924805
08-Oct-20  17:09:55.482334	-3.085937
08-Oct-20  17:09:55.482359	-3.227539
08-Oct-20  17:09:55.482384	-3.352051
08-Oct-20  17:09:55.482409	-3.464355
08-Oct-20  17:09:55.482434	-3.549805
08-Oct-20  17:09:55.482459	-3.620605
08-Oct-20  17:09:55.482484	-3.669434
08-Oct-20  17:09:55.482509	-3.698730
08-Oct-20  17:09:55.482534	-3.708496
08-Oct-20  17:09:55.482559	-3.698730
08-Oct-20  17:09:55.482584	-3.666992
08-Oct-20  17:09:55.482609	-3.618164
08-Oct-20  17:09:55.482634	-3.544922
08-Oct-20  17:09:55.482659	-3.459473
08-Oct-20  17:09:55.482684	-3.349609
08-Oct-20  17:09:55.482709	-3.220215
08-Oct-20  17:09:55.482734	-3.081055
08-Oct-20  17:09:55.482759	-2.917480
08-Oct-20  17:09:55.482784	-2.736816
08-Oct-20  17:09:55.482809	-2.561035
08-Oct-20  17:09:55.482834	-2.341309
08-Oct-20  17:09:55.482859	-2.124023
08-Oct-20  17:09:55.482884	-1.896973
08-Oct-20  17:09:55.482909	-1.655273
08-Oct-20  17:09:55.482934	-1.411133
08-Oct-20  17:09:55.482959	-1.145020
08-Oct-20  17:09:55.482984	-0.883789
08-Oct-20  17:09:55.483009	-0.620117
08-Oct-20  17:09:55.483034	-0.344238
08-Oct-20  17:09:55.483059	-0.102539
08-Oct-20  17:09:55.483084	0.202637
08-Oct-20  17:09:55.483109	0.471191
08-Oct-20  17:09:55.483134	0.742187
08-Oct-20  17:09:55.483159	1.008301
08-Oct-20  17:09:55.483184	1.259766
08-Oct-20  17:09:55.483209	1.518555
08-Oct-20  17:09:55.483234	1.760254
08-Oct-20  17:09:55.483259	1.999512
08-Oct-20  17:09:55.483284	2.221680
08-Oct-20  17:09:55.483309	2.419434
08-Oct-20  17:09:55.483334	2.631836
08-Oct-20  17:09:55.483359	2.817383
08-Oct-20  17:09:55.483384	2.983398
08-Oct-20  17:09:55.483409	3.129883
08-Oct-20  17:09:55.483434	3.269043
08-Oct-20  17:09:55.483459	3.386230
08-Oct-20  17:09:55.483484	3.483887
08-Oct-20  17:09:55.483509	3.562012
08-Oct-20  17:09:55.483534	3.625488
08-Oct-20  17:09:55.483559	3.662109
08-Oct-20  17:09:55.483584	3.681641
08-Oct-20  17:09:55.483609	3.681641
08-Oct-20  17:09:55.483634	3.657227
08-Oct-20  17:09:55.483659	3.615723
08-Oct-20  17:09:55.483684	3.554687
08-Oct-20  17:09:55.483709	3.474121
08-Oct-20  17:09:55.483734	3.376465
08-Oct-20  17:09:55.483759	3.256836
08-Oct-20  17:09:55.483784	3.115234
08-Oct-20  17:09:55.483809	2.966309
08-Oct-20  17:09:55.483834	2.792969
08-Oct-20  17:09:55.483859	2.612305
08-Oct-20  17:09:55.483884	2.404785
08-Oct-20  17:09:55.483909	2.199707
08-Oct-20  17:09:55.483934	1.972656
08-Oct-20  17:09:55.483959	1.740723
08-Oct-20  17:09:55.483984	1.494141
08-Oct-20  17:09:55.484009	1.232910
08-Oct-20  17:09:55.484034	0.979004
08-Oct-20  17:09:55.484059	0.712891
08-Oct-20  17:09:55.484084	0.441895
08-Oct-20  17:09:55.484109	0.168457
08-Oct-20  17:09:55.484134	-0.100098
08-Oct-20  17:09:55.484159	-0.378418
08-Oct-20  17:09:55.484184	-0.649414
08-Oct-20  17:09:55.484209	-0.920410
08-Oct-20  17:09:55.484234	-1.181641
08-Oct-20  17:09:55.484259	-1.433105
08-Oct-20  17:09:55.484284	-1.684570
08-Oct-20  17:09:55.484309	-1.923828
08-Oct-20  17:09:55.484334	-2.155762
08-Oct-20  17:09:55.484359	-2.365723
08-Oct-20  17:09:55.484384	-2.578125
08-Oct-20  17:09:55.484409	-2.763672
08-Oct-20  17:09:55.484434	-2.939453
08-Oct-20  17:09:55.484459	-3.098145
08-Oct-20  17:09:55.484484	-3.237305
08-Oct-20  17:09:55.484509	-3.361816
08-Oct-20  17:09:55.484534	-3.471680
08-Oct-20  17:09:55.484559	-3.554687
08-Oct-20  17:09:55.484584	-3.625488
08-Oct-20  17:09:55.484609	-3.674316
08-Oct-20  17:09:55.484634	-3.701172
08-Oct-20  17:09:55.484659	-3.710937
08-Oct-20  17:09:55.484684	-3.698730
08-Oct-20  17:09:55.484709	-3.664551
08-Oct-20  17:09:55.484734	-3.613281
08-Oct-20  17:09:55.484759	-3.540039
08-Oct-20  17:09:55.484784	-3.452148
08-Oct-20  17:09:55.484809	-3.339844
08-Oct-20  17:09:55.484834	-3.215332
08-Oct-20  17:09:55.484859	-3.066406
08-Oct-20  17:09:55.484884	-2.905273
08-Oct-20  17:09:55.484909	-2.724609
08-Oct-20  17:09:55.484934	-2.548828
08-Oct-20  17:09:55.484959	-2.324219
08-Oct-20  17:09:55.484984	-2.104492
08-Oct-20  17:09:55.485009	-1.877441
08-Oct-20  17:09:55.485034	-1.635742
08-Oct-20  17:09:55.485059	-1.394043
08-Oct-20  17:09:55.485084	-1.127930
08-Oct-20  17:09:55.485109	-0.864258
08-Oct-20  17:09:55.485134	-0.600586
08-Oct-20  17:09:55.485159	-0.324707
08-Oct-20  17:09:55.485184	-0.083008
08-Oct-20  17:09:55.485209	0.222168
08-Oct-20  17:09:55.485234	0.490723
08-Oct-20  17:09:55.485259	0.764160
08-Oct-20  17:09:55.485284	1.027832
08-Oct-20  17:09:55.485309	1.276855
08-Oct-20  17:09:55.485334	1.538086
08-Oct-20  17:09:55.485359	1.779785
08-Oct-20  17:09:55.485384	2.016602
08-Oct-20  17:09:55.485409	2.236328
08-Oct-20  17:09:55.485434	2.431641
08-Oct-20  17:09:55.485459	2.648926
08-Oct-20  17:09:55.485484	2.829590
08-Oct-20  17:09:55.485509	2.993164
08-Oct-20  17:09:55.485534	3.137207
08-Oct-20  17:09:55.485559	3.278809
08-Oct-20  17:09:55.485584	3.393555
08-Oct-20  17:09:55.485609	3.491211
08-Oct-20  17:09:55.485634	3.569336
08-Oct-20  17:09:55.485659	3.627930
08-Oct-20  17:09:55.485684	3.659668
08-Oct-20  17:09:55.485709	3.681641
08-Oct-20  17:09:55.485734	3.681641
08-Oct-20  17:09:55.485759	3.657227
08-Oct-20  17:09:55.485784	3.613281
08-Oct-20  17:09:55.485809	3.549805
08-Oct-20  17:09:55.485834	3.466797
08-Oct-20  17:09:55.485859	3.366699
08-Oct-20  17:09:55.485884	3.247070
08-Oct-20  17:09:55.485909	3.107910
08-Oct-20  17:09:55.485934	2.956543
08-Oct-20  17:09:55.485959	2.780762
08-Oct-20  17:09:55.485984	2.595215
08-Oct-20  17:09:55.486009	2.390137
08-Oct-20  17:09:55.486034	2.182617
08-Oct-20  17:09:55.486059	1.955566
08-Oct-20  17:09:55.486084	1.721191
08-Oct-20  17:09:55.486109	1.472168
08-Oct-20  17:09:55.486134	1.215820
08-Oct-20  17:09:55.486159	0.957031
08-Oct-20  17:09:55.486184	0.693359
08-Oct-20  17:09:55.486209	0.422363
08-Oct-20  17:09:55.486234	0.148926
08-Oct-20  17:09:55.486259	-0.119629
08-Oct-20  17:09:55.486284	-0.400391
08-Oct-20  17:09:55.486309	-0.668945
08-Oct-20  17:09:55.486334	-0.937500
08-Oct-20  17:09:55.486359	-1.198730
08-Oct-20  17:09:55.486384	-1.455078
08-Oct-20  17:09:55.486409	-1.701660
08-Oct-20  17:09:55.486434	-1.938477
08-Oct-20  17:09:55.486459	-2.167969
08-Oct-20  17:09:55.486484	-2.382812
08-Oct-20  17:09:55.486509	-2.592773
08-Oct-20  17:09:55.486534	-2.775879
08-Oct-20  17:09:55.486559	-2.949219
08-Oct-20  17:09:55.486584	-3.110352
08-Oct-20  17:09:55.486609	-3.247070
08-Oct-20  17:09:55.486634	-3.369141
08-Oct-20  17:09:55.486659	-3.476562
08-Oct-20  17:09:55.486684	-3.566895
08-Oct-20  17:09:55.486709	-3.625488
08-Oct-20  17:09:55.486734	-3.674316
08-Oct-20  17:09:55.486759	-3.703613
08-Oct-20  17:09:55.486784	-3.708496
08-Oct-20  17:09:55.486809	-3.696289
08-Oct-20  17:09:55.486834	-3.659668
08-Oct-20  17:09:55.486859	-3.608398
08-Oct-20  17:09:55.486884	-3.535156
08-Oct-20  17:09:55.486909	-3.442383
08-Oct-20  17:09:55.486934	-3.330078
08-Oct-20  17:09:55.486959	-3.208008
08-Oct-20  17:09:55.486984	-3.056641
08-Oct-20  17:09:55.487009	-2.890625
08-Oct-20  17:09:55.487034	-2.709961
08-Oct-20  17:09:55.487059	-2.531738
08-Oct-20  17:09:55.487084	-2.312012
08-Oct-20  17:09:55.487109	-2.087402
08-Oct-20  17:09:55.487134	-1.862793
08-Oct-20  17:09:55.487159	-1.618652
08-Oct-20  17:09:55.487184	-1.376953
08-Oct-20  17:09:55.487209	-1.108398
08-Oct-20  17:09:55.487234	-0.844727
08-Oct-20  17:09:55.487259	-0.581055
08-Oct-20  17:09:55.487284	-0.305176
08-Oct-20  17:09:55.487309	-0.063477
08-Oct-20  17:09:55.487334	0.241699
08-Oct-20  17:09:55.487359	0.510254
08-Oct-20  17:09:55.487384	0.781250
08-Oct-20  17:09:55.487409	1.047363
08-Oct-20  17:09:55.487434	1.296387
08-Oct-20  17:09:55.487459	1.557617
08-Oct-20  17:09:55.487484	1.796875
08-Oct-20  17:09:55.487509	2.036133
08-Oct-20  17:09:55.487534	2.255859
08-Oct-20  17:09:55.487559	2.448730
08-Oct-20  17:09:55.487584	2.661133
08-Oct-20  17:09:55.487609	2.841797
08-Oct-20  17:09:55.487634	3.010254
08-Oct-20  17:09:55.487659	3.151855
08-Oct-20  17:09:55.487684	3.286133
08-Oct-20  17:09:55.487709	3.398437
08-Oct-20  17:09:55.487734	3.498535
08-Oct-20  17:09:55.487759	3.571777
08-Oct-20  17:09:55.487784	3.630371
08-Oct-20  17:09:55.487809	3.669434
08-Oct-20  17:09:55.487834	3.684082
08-Oct-20  17:09:55.487859	3.679199
08-Oct-20  17:09:55.487884	3.654785
08-Oct-20  17:09:55.487909	3.608398
08-Oct-20  17:09:55.487934	3.542480
08-Oct-20  17:09:55.487959	3.459473
08-Oct-20  17:09:55.487984	3.356934
08-Oct-20  17:09:55.488009	3.237305
08-Oct-20  17:09:55.488034	3.095703
08-Oct-20  17:09:55.488059	2.946777
08-Oct-20  17:09:55.488084	2.770996
08-Oct-20  17:09:55.488109	2.573242
08-Oct-20  17:09:55.488134	2.380371
08-Oct-20  17:09:55.488159	2.165527
08-Oct-20  17:09:55.488184	1.938477
08-Oct-20  17:09:55.488209	1.704102
08-Oct-20  17:09:55.488234	1.457520
08-Oct-20  17:09:55.488259	1.196289
08-Oct-20  17:09:55.488284	0.937500
08-Oct-20  17:09:55.488309	0.673828
08-Oct-20  17:09:55.488334	0.402832
08-Oct-20  17:09:55.488359	0.134277
08-Oct-20  17:09:55.488384	-0.144043
08-Oct-20  17:09:55.488409	-0.417480
08-Oct-20  17:09:55.488434	-0.688477
08-Oct-20  17:09:55.488459	-0.959473
08-Oct-20  17:09:55.488484	-1.220703
08-Oct-20  17:09:55.488509	-1.472168
08-Oct-20  17:09:55.488534	-1.716309
08-Oct-20  17:09:55.488559	-1.955566
08-Oct-20  17:09:55.488584	-2.187500
08-Oct-20  17:09:55.488609	-2.407227
08-Oct-20  17:09:55.488634	-2.600098
08-Oct-20  17:09:55.488659	-2.792969
08-Oct-20  17:09:55.488684	-2.961426
08-Oct-20  17:09:55.488709	-3.120117
08-Oct-20  17:09:55.488734	-3.259277
08-Oct-20  17:09:55.488759	-3.381348
08-Oct-20  17:09:55.488784	-3.483887
08-Oct-20  17:09:55.488809	-3.566895
08-Oct-20  17:09:55.488834	-3.632812
08-Oct-20  17:09:55.488859	-3.679199
08-Oct-20  17:09:55.488884	-3.703613
08-Oct-20  17:09:55.488909	-3.708496
08-Oct-20  17:09:55.488934	-3.693848
08-Oct-20  17:09:55.488959	-3.657227
08-Oct-20  17:09:55.488984	-3.605957
08-Oct-20  17:09:55.489009	-3.527832
08-Oct-20  17:09:55.489034	-3.435059
08-Oct-20  17:09:55.489059	-3.320312
08-Oct-20  17:09:55.489084	-3.195801
08-Oct-20  17:09:55.489109	-3.041992
08-Oct-20  17:09:55.489134	-2.878418
08-Oct-20  17:09:55.489159	-2.695312
08-Oct-20  17:09:55.489184	-2.517090
08-Oct-20  17:09:55.489209	-2.294922
08-Oct-20  17:09:55.489234	-2.072754
08-Oct-20  17:09:55.489259	-1.845703
08-Oct-20  17:09:55.489284	-1.599121
08-Oct-20  17:09:55.489309	-1.357422
08-Oct-20  17:09:55.489334	-1.088867
08-Oct-20  17:09:55.489359	-0.822754
08-Oct-20  17:09:55.489384	-0.561523
08-Oct-20  17:09:55.489409	-0.285645
08-Oct-20  17:09:55.489434	-0.043945
08-Oct-20  17:09:55.489459	0.261230
08-Oct-20  17:09:55.489484	0.532227
08-Oct-20  17:09:55.489509	0.803223
08-Oct-20  17:09:55.489534	1.066895
08-Oct-20  17:09:55.489559	1.315918
08-Oct-20  17:09:55.489584	1.574707
08-Oct-20  17:09:55.489609	1.813965
08-Oct-20  17:09:55.489634	2.050781
08-Oct-20  17:09:55.489659	2.272949
08-Oct-20  17:09:55.489684	2.463379
08-Oct-20  17:09:55.489709	2.673340
08-Oct-20  17:09:55.489734	2.851562
08-Oct-20  17:09:55.489759	3.015137
08-Oct-20  17:09:55.489784	3.168945
08-Oct-20  17:09:55.489809	3.295898
08-Oct-20  17:09:55.489834	3.410645
08-Oct-20  17:09:55.489859	3.505859
08-Oct-20  17:09:55.489884	3.574219
08-Oct-20  17:09:55.489909	3.630371
08-Oct-20  17:09:55.489934	3.669434
08-Oct-20  17:09:55.489959	3.684082
08-Oct-20  17:09:55.489984	3.676758
08-Oct-20  17:09:55.490009	3.652344
08-Oct-20  17:09:55.490034	3.605957
08-Oct-20  17:09:55.490059	3.540039
08-Oct-20  17:09:55.490084	3.452148
08-Oct-20  17:09:55.490109	3.349609
08-Oct-20  17:09:55.490134	3.225098
08-Oct-20  17:09:55.490159	3.085937
08-Oct-20  17:09:55.490184	2.929687
08-Oct-20  17:09:55.490209	2.753906
08-Oct-20  17:09:55.490234	2.558594
08-Oct-20  17:09:55.490259	2.363281
08-Oct-20  17:09:55.490284	2.145996
08-Oct-20  17:09:55.490309	1.923828
08-Oct-20  17:09:55.490334	1.687012
08-Oct-20  17:09:55.490359	1.437988
08-Oct-20  17:09:55.490384	1.176758
08-Oct-20  17:09:55.490409	0.915527
08-Oct-20  17:09:55.490434	0.651855
08-Oct-20  17:09:55.490459	0.380859
08-Oct-20  17:09:55.490484	0.114746
08-Oct-20  17:09:55.490509	-0.163574
08-Oct-20  17:09:55.490534	-0.437012
08-Oct-20  17:09:55.490559	-0.708008
08-Oct-20  17:09:55.490584	-0.974121
08-Oct-20  17:09:55.490609	-1.240234
08-Oct-20  17:09:55.490634	-1.491699
08-Oct-20  17:09:55.490659	-1.738281
08-Oct-20  17:09:55.490684	-1.975098
08-Oct-20  17:09:55.490709	-2.202148
08-Oct-20  17:09:55.490734	-2.424316
08-Oct-20  17:09:55.490759	-2.614746
08-Oct-20  17:09:55.490784	-2.805176
08-Oct-20  17:09:55.490809	-2.971191
08-Oct-20  17:09:55.490834	-3.134766
08-Oct-20  17:09:55.490859	-3.269043
08-Oct-20  17:09:55.490884	-3.388672
08-Oct-20  17:09:55.490909	-3.488770
08-Oct-20  17:09:55.490934	-3.571777
08-Oct-20  17:09:55.490959	-3.637695
08-Oct-20  17:09:55.490984	-3.681641
08-Oct-20  17:09:55.491009	-3.706055
08-Oct-20  17:09:55.491034	-3.708496
08-Oct-20  17:09:55.491059	-3.691406
08-Oct-20  17:09:55.491084	-3.652344
08-Oct-20  17:09:55.491109	-3.596191
08-Oct-20  17:09:55.491134	-3.520508
08-Oct-20  17:09:55.491159	-3.430176
08-Oct-20  17:09:55.491184	-3.312988
08-Oct-20  17:09:55.491209	-3.186035
08-Oct-20  17:09:55.491234	-3.029785
08-Oct-20  17:09:55.491259	-2.863770
08-Oct-20  17:09:55.491284	-2.680664
08-Oct-20  17:09:55.491309	-2.502441
08-Oct-20  17:09:55.491334	-2.280273
08-Oct-20  17:09:55.491359	-2.053223
08-Oct-20  17:09:55.491384	-1.826172
08-Oct-20  17:09:55.491409	-1.579590
08-Oct-20  17:09:55.491434	-1.337891
08-Oct-20  17:09:55.491459	-1.069336
08-Oct-20  17:09:55.491484	-0.803223
08-Oct-20  17:09:55.491509	-0.541992
08-Oct-20  17:09:55.491534	-0.266113
08-Oct-20  17:09:55.491559	-0.024414
08-Oct-20  17:09:55.491584	0.283203
08-Oct-20  17:09:55.491609	0.549316
08-Oct-20  17:09:55.491634	0.822754
08-Oct-20  17:09:55.491659	1.079102
08-Oct-20  17:09:55.491684	1.347656
08-Oct-20  17:09:55.491709	1.594238
08-Oct-20  17:09:55.491734	1.831055
08-Oct-20  17:09:55.491759	2.062988
08-Oct-20  17:09:55.491784	2.287598
08-Oct-20  17:09:55.491809	2.478027
08-Oct-20  17:09:55.491834	2.687988
08-Oct-20  17:09:55.491859	2.868652
08-Oct-20  17:09:55.491884	3.027344
08-Oct-20  17:09:55.491909	3.178711
08-Oct-20  17:09:55.491934	3.303223
08-Oct-20  17:09:55.491959	3.415527
08-Oct-20  17:09:55.491984	3.510742
08-Oct-20  17:09:55.492009	3.581543
08-Oct-20  17:09:55.492034	3.637695
08-Oct-20  17:09:55.492059	3.671875
08-Oct-20  17:09:55.492084	3.684082
08-Oct-20  17:09:55.492109	3.674316
08-Oct-20  17:09:55.492134	3.647461
08-Oct-20  17:09:55.492159	3.601074
08-Oct-20  17:09:55.492184	3.532715
08-Oct-20  17:09:55.492209	3.444824
08-Oct-20  17:09:55.492234	3.339844
08-Oct-20  17:09:55.492259	3.217773
08-Oct-20  17:09:55.492284	3.076172
08-Oct-20  17:09:55.492309	2.917480
08-Oct-20  17:09:55.492334	2.741699
08-Oct-20  17:09:55.492359	2.543945
08-Oct-20  17:09:55.492384	2.351074
08-Oct-20  17:09:55.492409	2.133789
08-Oct-20  17:09:55.492434	1.901855
08-Oct-20  17:09:55.492459	1.667480
08-Oct-20  17:09:55.492484	1.418457
08-Oct-20  17:09:55.492509	1.157227
08-Oct-20  17:09:55.492534	0.900879
08-Oct-20  17:09:55.492559	0.629883
08-Oct-20  17:09:55.492584	0.358887
08-Oct-20  17:09:55.492609	0.090332
08-Oct-20  17:09:55.492634	-0.187988
08-Oct-20  17:09:55.492659	-0.458984
08-Oct-20  17:09:55.492684	-0.727539
08-Oct-20  17:09:55.492709	-0.996094
08-Oct-20  17:09:55.492734	-1.259766
08-Oct-20  17:09:55.492759	-1.511230
08-Oct-20  17:09:55.492784	-1.755371
08-Oct-20  17:09:55.492809	-1.992187
08-Oct-20  17:09:55.492834	-2.216797
08-Oct-20  17:09:55.492859	-2.438965
08-Oct-20  17:09:55.492884	-2.629395
08-Oct-20  17:09:55.492909	-2.817383
08-Oct-20  17:09:55.492934	-2.985840
08-Oct-20  17:09:55.492959	-3.142090
08-Oct-20  17:09:55.492984	-3.278809
08-Oct-20  17:09:55.493009	-3.398437
08-Oct-20  17:09:55.493034	-3.496094
08-Oct-20  17:09:55.493059	-3.576660
08-Oct-20  17:09:55.493084	-3.640137
08-Oct-20  17:09:55.493109	-3.684082
08-Oct-20  17:09:55.493134	-3.706055
08-Oct-20  17:09:55.493159	-3.708496
08-Oct-20  17:09:55.493184	-3.691406
08-Oct-20  17:09:55.493209	-3.649902
08-Oct-20  17:09:55.493234	-3.591309
08-Oct-20  17:09:55.493259	-3.515625
08-Oct-20  17:09:55.493284	-3.420410
08-Oct-20  17:09:55.493309	-3.303223
08-Oct-20  17:09:55.493334	-3.176270
08-Oct-20  17:09:55.493359	-3.020020
08-Oct-20  17:09:55.493384	-2.854004
08-Oct-20  17:09:55.493409	-2.668457
08-Oct-20  17:09:55.493434	-2.487793
08-Oct-20  17:09:55.493459	-2.260742
08-Oct-20  17:09:55.493484	-2.038574
08-Oct-20  17:09:55.493509	-1.811523
08-Oct-20  17:09:55.493534	-1.560059
08-Oct-20  17:09:55.493559	-1.315918
08-Oct-20  17:09:55.493584	-1.052246
08-Oct-20  17:09:55.493609	-0.788574
08-Oct-20  17:09:55.493634	-0.512695
08-Oct-20  17:09:55.493659	-0.239258
08-Oct-20  17:09:55.493684	0.000000
08-Oct-20  17:09:55.493709	0.302734
08-Oct-20  17:09:55.493734	0.568848
08-Oct-20  17:09:55.493759	0.842285
08-Oct-20  17:09:55.493784	1.096191
08-Oct-20  17:09:55.493809	1.362305
08-Oct-20  17:09:55.493834	1.611328
08-Oct-20  17:09:55.493859	1.850586
08-Oct-20  17:09:55.493884	2.082520
08-Oct-20  17:09:55.493909	2.304687
08-Oct-20  17:09:55.493934	2.495117
08-Oct-20  17:09:55.493959	2.702637
08-Oct-20  17:09:55.493984	2.880859
08-Oct-20  17:09:55.494009	3.037109
08-Oct-20  17:09:55.494034	3.186035
08-Oct-20  17:09:55.494059	3.315430
08-Oct-20  17:09:55.494084	3.422852
08-Oct-20  17:09:55.494109	3.518066
08-Oct-20  17:09:55.494134	3.588867
08-Oct-20  17:09:55.494159	3.640137
08-Oct-20  17:09:55.494184	3.671875
08-Oct-20  17:09:55.494209	3.681641
08-Oct-20  17:09:55.494234	3.674316
08-Oct-20  17:09:55.494259	3.647461
08-Oct-20  17:09:55.494284	3.596191
08-Oct-20  17:09:55.494309	3.527832
08-Oct-20  17:09:55.494334	3.437500
08-Oct-20  17:09:55.494359	3.334961
08-Oct-20  17:09:55.494384	3.210449
08-Oct-20  17:09:55.494409	3.063965
08-Oct-20  17:09:55.494434	2.905273
08-Oct-20  17:09:55.494459	2.729492
08-Oct-20  17:09:55.494484	2.529297
08-Oct-20  17:09:55.494509	2.333984
08-Oct-20  17:09:55.494534	2.119141
08-Oct-20  17:09:55.494559	1.887207
08-Oct-20  17:09:55.494584	1.645508
08-Oct-20  17:09:55.494609	1.398926
08-Oct-20  17:09:55.494634	1.137695
08-Oct-20  17:09:55.494659	0.878906
08-Oct-20  17:09:55.494684	0.605469
08-Oct-20  17:09:55.494709	0.339355
08-Oct-20  17:09:55.494734	0.068359
08-Oct-20  17:09:55.494759	-0.207520
08-Oct-20  17:09:55.494784	-0.478516
08-Oct-20  17:09:55.494809	-0.747070
08-Oct-20  17:09:55.494834	-1.015625
08-Oct-20  17:09:55.494859	-1.279297
08-Oct-20  17:09:55.494884	-1.533203
08-Oct-20  17:09:55.494909	-1.774902
08-Oct-20  17:09:55.494934	-2.009277
08-Oct-20  17:09:55.494959	-2.236328
08-Oct-20  17:09:55.494984	-2.451172
08-Oct-20  17:09:55.495009	-2.644043
08-Oct-20  17:09:55.495034	-2.832031
08-Oct-20  17:09:55.495059	-2.998047
08-Oct-20  17:09:55.495084	-3.151855
08-Oct-20  17:09:55.495109	-3.286133
08-Oct-20  17:09:55.495134	-3.403320
08-Oct-20  17:09:55.495159	-3.503418
08-Oct-20  17:09:55.495184	-3.583984
08-Oct-20  17:09:55.495209	-3.645020
08-Oct-20  17:09:55.495234	-3.686523
08-Oct-20  17:09:55.495259	-3.706055
08-Oct-20  17:09:55.495284	-3.706055
08-Oct-20  17:09:55.495309	-3.686523
08-Oct-20  17:09:55.495334	-3.647461
08-Oct-20  17:09:55.495359	-3.588867
08-Oct-20  17:09:55.495384	-3.508301
08-Oct-20  17:09:55.495409	-3.413086
08-Oct-20  17:09:55.495434	-3.293457
08-Oct-20  17:09:55.495459	-3.164062
08-Oct-20  17:09:55.495484	-3.005371
08-Oct-20  17:09:55.495509	-2.839355
08-Oct-20  17:09:55.495534	-2.653809
08-Oct-20  17:09:55.495559	-2.473145
08-Oct-20  17:09:55.495584	-2.243652
08-Oct-20  17:09:55.495609	-2.023926
08-Oct-20  17:09:55.495634	-1.787109
08-Oct-20  17:09:55.495659	-1.542969
08-Oct-20  17:09:55.495684	-1.298828
08-Oct-20  17:09:55.495709	-1.030273
08-Oct-20  17:09:55.495734	-0.769043
08-Oct-20  17:09:55.495759	-0.493164
08-Oct-20  17:09:55.495784	-0.219727
08-Oct-20  17:09:55.495809	0.019531
08-Oct-20  17:09:55.495834	0.324707
08-Oct-20  17:09:55.495859	0.593262
08-Oct-20  17:09:55.495884	0.859375
08-Oct-20  17:09:55.495909	1.115723
08-Oct-20  17:09:55.495934	1.381836
08-Oct-20  17:09:55.495959	1.630859
08-Oct-20  17:09:55.495984	1.865234
08-Oct-20  17:09:55.496009	2.097168
08-Oct-20  17:09:55.496034	2.316895
08-Oct-20  17:09:55.496059	2.507324
08-Oct-20  17:09:55.496084	2.717285
08-Oct-20  17:09:55.496109	2.893066
08-Oct-20  17:09:55.496134	3.051758
08-Oct-20  17:09:55.496159	3.198242
08-Oct-20  17:09:55.496184	3.325195
08-Oct-20  17:09:55.496209	3.432617
08-Oct-20  17:09:55.496234	3.525391
08-Oct-20  17:09:55.496259	3.593750
08-Oct-20  17:09:55.496284	3.645020
08-Oct-20  17:09:55.496309	3.674316
08-Oct-20  17:09:55.496334	3.684082
08-Oct-20  17:09:55.496359	3.674316
08-Oct-20  17:09:55.496384	3.645020
08-Oct-20  17:09:55.496409	3.593750
08-Oct-20  17:09:55.496434	3.522949
08-Oct-20  17:09:55.496459	3.432617
08-Oct-20  17:09:55.496484	3.325195
08-Oct-20  17:09:55.496509	3.198242
08-Oct-20  17:09:55.496534	3.054199
08-Oct-20  17:09:55.496559	2.893066
08-Oct-20  17:09:55.496584	2.714844
08-Oct-20  17:09:55.496609	2.514648
08-Oct-20  17:09:55.496634	2.319336
08-Oct-20  17:09:55.496659	2.099609
08-Oct-20  17:09:55.496684	1.870117
08-Oct-20  17:09:55.496709	1.630859
08-Oct-20  17:09:55.496734	1.374512
08-Oct-20  17:09:55.496759	1.123047
08-Oct-20  17:09:55.496784	0.859375
08-Oct-20  17:09:55.496809	0.590820
08-Oct-20  17:09:55.496834	0.317383
08-Oct-20  17:09:55.496859	0.051270
08-Oct-20  17:09:55.496884	-0.227051
08-Oct-20  17:09:55.496909	-0.498047
08-Oct-20  17:09:55.496934	-0.766602
08-Oct-20  17:09:55.496959	-1.037598
08-Oct-20  17:09:55.496984	-1.296387
08-Oct-20  17:09:55.497009	-1.545410
08-Oct-20  17:09:55.497034	-1.789551
08-Oct-20  17:09:55.497059	-2.021484
08-Oct-20  17:09:55.497084	-2.250977
08-Oct-20  17:09:55.497109	-2.470703
08-Oct-20  17:09:55.497134	-2.656250
08-Oct-20  17:09:55.497159	-2.841797
08-Oct-20  17:09:55.497184	-3.007812
08-Oct-20  17:09:55.497209	-3.166504
08-Oct-20  17:09:55.497234	-3.295898
08-Oct-20  17:09:55.497259	-3.413086
08-Oct-20  17:09:55.497284	-3.510742
08-Oct-20  17:09:55.497309	-3.588867
08-Oct-20  17:09:55.497334	-3.649902
08-Oct-20  17:09:55.497359	-3.686523
08-Oct-20  17:09:55.497384	-3.706055
08-Oct-20  17:09:55.497409	-3.706055
08-Oct-20  17:09:55.497434	-3.684082
08-Oct-20  17:09:55.497459	-3.642578
08-Oct-20  17:09:55.497484	-3.586426
08-Oct-20  17:09:55.497509	-3.505859
08-Oct-20  17:09:55.497534	-3.400879
08-Oct-20  17:09:55.497559	-3.283691
08-Oct-20  17:09:55.497584	-3.154297
08-Oct-20  17:09:55.497609	-2.998047
08-Oct-20  17:09:55.497634	-2.827148
08-Oct-20  17:09:55.497659	-2.639160
08-Oct-20  17:09:55.497684	-2.458496
08-Oct-20  17:09:55.497709	-2.231445
08-Oct-20  17:09:55.497734	-2.009277
08-Oct-20  17:09:55.497759	-1.767578
08-Oct-20  17:09:55.497784	-1.525879
08-Oct-20  17:09:55.497809	-1.279297
08-Oct-20  17:09:55.497834	-1.013184
08-Oct-20  17:09:55.497859	-0.751953
08-Oct-20  17:09:55.497884	-0.473633
08-Oct-20  17:09:55.497909	-0.200195
08-Oct-20  17:09:55.497934	0.039062
08-Oct-20  17:09:55.497959	0.344238
08-Oct-20  17:09:55.497984	0.612793
08-Oct-20  17:09:55.498009	0.881348
08-Oct-20  17:09:55.498034	1.132812
08-Oct-20  17:09:55.498059	1.401367
08-Oct-20  17:09:55.498084	1.650391
08-Oct-20  17:09:55.498109	1.884766
08-Oct-20  17:09:55.498134	2.116699
08-Oct-20  17:09:55.498159	2.331543
08-Oct-20  17:09:55.498184	2.521973
08-Oct-20  17:09:55.498209	2.729492
08-Oct-20  17:09:55.498234	2.905273
08-Oct-20  17:09:55.498259	3.061523
08-Oct-20  17:09:55.498284	3.208008
08-Oct-20  17:09:55.498309	3.332520
08-Oct-20  17:09:55.498334	3.437500
08-Oct-20  17:09:55.498359	3.527832
08-Oct-20  17:09:55.498384	3.596191
08-Oct-20  17:09:55.498409	3.645020
08-Oct-20  17:09:55.498434	3.676758
08-Oct-20  17:09:55.498459	3.686523
08-Oct-20  17:09:55.498484	3.671875
08-Oct-20  17:09:55.498509	3.640137
08-Oct-20  17:09:55.498534	3.586426
08-Oct-20  17:09:55.498559	3.515625
08-Oct-20  17:09:55.498584	3.422852
08-Oct-20  17:09:55.498609	3.317871
08-Oct-20  17:09:55.498634	3.186035
08-Oct-20  17:09:55.498659	3.041992
08-Oct-20  17:09:55.498684	2.875977
08-Oct-20  17:09:55.498709	2.702637
08-Oct-20  17:09:55.498734	2.500000
08-Oct-20  17:09:55.498759	2.302246
08-Oct-20  17:09:55.498784	2.084961
08-Oct-20  17:09:55.498809	1.850586
08-Oct-20  17:09:55.498834	1.611328
08-Oct-20  17:09:55.498859	1.357422
08-Oct-20  17:09:55.498884	1.103516
08-Oct-20  17:09:55.498909	0.839844
08-Oct-20  17:09:55.498934	0.568848
08-Oct-20  17:09:55.498959	0.297852
08-Oct-20  17:09:55.498984	0.031738
08-Oct-20  17:09:55.499009	-0.246582
08-Oct-20  17:09:55.499034	-0.517578
08-Oct-20  17:09:55.499059	-0.786133
08-Oct-20  17:09:55.499084	-1.054687
08-Oct-20  17:09:55.499109	-1.315918
08-Oct-20  17:09:55.499134	-1.564941
08-Oct-20  17:09:55.499159	-1.809082
08-Oct-20  17:09:55.499184	-2.041016
