t0	08-Oct-20  17:08:55.708750
delta t	5.000000E-5

time	Y
08-Oct-20  17:08:55.708750	0.280762
08-Oct-20  17:08:55.708800	0.280762
08-Oct-20  17:08:55.708850	0.280762
08-Oct-20  17:08:55.708900	0.280762
08-Oct-20  17:08:55.708950	-0.012207
08-Oct-20  17:08:55.709000	0.534668
08-Oct-20  17:08:55.709050	1.066895
08-Oct-20  17:08:55.709100	1.574707
08-Oct-20  17:08:55.709150	2.053223
08-Oct-20  17:08:55.709200	2.482910
08-Oct-20  17:08:55.709250	2.858887
08-Oct-20  17:08:55.709300	3.171387
08-Oct-20  17:08:55.709350	3.415527
08-Oct-20  17:08:55.709400	3.581543
08-Oct-20  17:08:55.709450	3.674316
08-Oct-20  17:08:55.709500	3.684082
08-Oct-20  17:08:55.709550	3.608398
08-Oct-20  17:08:55.709600	3.457031
08-Oct-20  17:08:55.709650	3.234863
08-Oct-20  17:08:55.709700	2.937012
08-Oct-20  17:08:55.709750	2.575684
08-Oct-20  17:08:55.709800	2.155762
08-Oct-20  17:08:55.709850	1.691895
08-Oct-20  17:08:55.709900	1.188965
08-Oct-20  17:08:55.709950	0.656738
08-Oct-20  17:08:55.710000	0.114746
08-Oct-20  17:08:55.710050	-0.432129
08-Oct-20  17:08:55.710100	-0.969238
08-Oct-20  17:08:55.710150	-1.486816
08-Oct-20  17:08:55.710200	-1.970215
08-Oct-20  17:08:55.710250	-2.407227
08-Oct-20  17:08:55.710300	-2.800293
08-Oct-20  17:08:55.710350	-3.125000
08-Oct-20  17:08:55.710400	-3.388672
08-Oct-20  17:08:55.710450	-3.576660
08-Oct-20  17:08:55.710500	-3.681641
08-Oct-20  17:08:55.710550	-3.710937
08-Oct-20  17:08:55.710600	-3.657227
08-Oct-20  17:08:55.710650	-3.525391
08-Oct-20  17:08:55.710700	-3.315430
08-Oct-20  17:08:55.710750	-3.034668
08-Oct-20  17:08:55.710800	-2.685547
08-Oct-20  17:08:55.710850	-2.282715
08-Oct-20  17:08:55.710900	-1.828613
08-Oct-20  17:08:55.710950	-1.330566
08-Oct-20  17:08:55.711000	-0.808105
08-Oct-20  17:08:55.711050	-0.266113
08-Oct-20  17:08:55.711100	0.280762
08-Oct-20  17:08:55.711150	0.822754
08-Oct-20  17:08:55.711200	1.345215
08-Oct-20  17:08:55.711250	1.838379
08-Oct-20  17:08:55.711300	2.287598
08-Oct-20  17:08:55.711350	2.690430
08-Oct-20  17:08:55.711400	3.034668
08-Oct-20  17:08:55.711450	3.308105
08-Oct-20  17:08:55.711500	3.513184
08-Oct-20  17:08:55.711550	3.640137
08-Oct-20  17:08:55.711600	3.688965
08-Oct-20  17:08:55.711650	3.654785
08-Oct-20  17:08:55.711700	3.537598
08-Oct-20  17:08:55.711750	3.347168
08-Oct-20  17:08:55.711800	3.083496
08-Oct-20  17:08:55.711850	2.751465
08-Oct-20  17:08:55.711900	2.355957
08-Oct-20  17:08:55.711950	1.911621
08-Oct-20  17:08:55.712000	1.423340
08-Oct-20  17:08:55.712050	0.905762
08-Oct-20  17:08:55.712100	0.368652
08-Oct-20  17:08:55.712150	-0.178223
08-Oct-20  17:08:55.712200	-0.720215
08-Oct-20  17:08:55.712250	-1.252441
08-Oct-20  17:08:55.712300	-1.750488
08-Oct-20  17:08:55.712350	-2.211914
08-Oct-20  17:08:55.712400	-2.629395
08-Oct-20  17:08:55.712450	-2.983398
08-Oct-20  17:08:55.712500	-3.276367
08-Oct-20  17:08:55.712550	-3.496094
08-Oct-20  17:08:55.712600	-3.642578
08-Oct-20  17:08:55.712650	-3.708496
08-Oct-20  17:08:55.712700	-3.691406
08-Oct-20  17:08:55.712750	-3.593750
08-Oct-20  17:08:55.712800	-3.422852
08-Oct-20  17:08:55.712850	-3.173828
08-Oct-20  17:08:55.712900	-2.854004
08-Oct-20  17:08:55.712950	-2.478027
08-Oct-20  17:08:55.713000	-2.043457
08-Oct-20  17:08:55.713050	-1.564941
08-Oct-20  17:08:55.713100	-1.052246
08-Oct-20  17:08:55.713150	-0.515137
08-Oct-20  17:08:55.713200	0.026855
08-Oct-20  17:08:55.713250	0.573730
08-Oct-20  17:08:55.713300	1.105957
08-Oct-20  17:08:55.713350	1.613770
08-Oct-20  17:08:55.713400	2.087402
08-Oct-20  17:08:55.713450	2.512207
08-Oct-20  17:08:55.713500	2.883301
08-Oct-20  17:08:55.713550	3.190918
08-Oct-20  17:08:55.713600	3.430176
08-Oct-20  17:08:55.713650	3.591309
08-Oct-20  17:08:55.713700	3.671875
08-Oct-20  17:08:55.713750	3.679199
08-Oct-20  17:08:55.713800	3.601074
08-Oct-20  17:08:55.713850	3.444824
08-Oct-20  17:08:55.713900	3.215332
08-Oct-20  17:08:55.713950	2.912598
08-Oct-20  17:08:55.714000	2.546387
08-Oct-20  17:08:55.714050	2.121582
08-Oct-20  17:08:55.714100	1.652832
08-Oct-20  17:08:55.714150	1.149902
08-Oct-20  17:08:55.714200	0.617676
08-Oct-20  17:08:55.714250	0.075684
08-Oct-20  17:08:55.714300	-0.471191
08-Oct-20  17:08:55.714350	-1.008301
08-Oct-20  17:08:55.714400	-1.520996
08-Oct-20  17:08:55.714450	-2.004395
08-Oct-20  17:08:55.714500	-2.443848
08-Oct-20  17:08:55.714550	-2.829590
08-Oct-20  17:08:55.714600	-3.149414
08-Oct-20  17:08:55.714650	-3.403320
08-Oct-20  17:08:55.714700	-3.583984
08-Oct-20  17:08:55.714750	-3.688965
08-Oct-20  17:08:55.714800	-3.706055
08-Oct-20  17:08:55.714850	-3.647461
08-Oct-20  17:08:55.714900	-3.513184
08-Oct-20  17:08:55.714950	-3.295898
08-Oct-20  17:08:55.715000	-3.010254
08-Oct-20  17:08:55.715050	-2.656250
08-Oct-20  17:08:55.715100	-2.248535
08-Oct-20  17:08:55.715150	-1.789551
08-Oct-20  17:08:55.715200	-1.291504
08-Oct-20  17:08:55.715250	-0.769043
08-Oct-20  17:08:55.715300	-0.227051
08-Oct-20  17:08:55.715350	0.319824
08-Oct-20  17:08:55.715400	0.861816
08-Oct-20  17:08:55.715450	1.384277
08-Oct-20  17:08:55.715500	1.872559
08-Oct-20  17:08:55.715550	2.321777
08-Oct-20  17:08:55.715600	2.717285
08-Oct-20  17:08:55.715650	3.059082
08-Oct-20  17:08:55.715700	3.327637
08-Oct-20  17:08:55.715750	3.527832
08-Oct-20  17:08:55.715800	3.645020
08-Oct-20  17:08:55.715850	3.686523
08-Oct-20  17:08:55.715900	3.647461
08-Oct-20  17:08:55.715950	3.527832
08-Oct-20  17:08:55.716000	3.332520
08-Oct-20  17:08:55.716050	3.059082
08-Oct-20  17:08:55.716100	2.722168
08-Oct-20  17:08:55.716150	2.326660
08-Oct-20  17:08:55.716200	1.877441
08-Oct-20  17:08:55.716250	1.384277
08-Oct-20  17:08:55.716300	0.866699
08-Oct-20  17:08:55.716350	0.324707
08-Oct-20  17:08:55.716400	-0.222168
08-Oct-20  17:08:55.716450	-0.764160
08-Oct-20  17:08:55.716500	-1.286621
08-Oct-20  17:08:55.716550	-1.784668
08-Oct-20  17:08:55.716600	-2.243652
08-Oct-20  17:08:55.716650	-2.656250
08-Oct-20  17:08:55.716700	-3.007812
08-Oct-20  17:08:55.716750	-3.295898
08-Oct-20  17:08:55.716800	-3.513184
08-Oct-20  17:08:55.716850	-3.647461
08-Oct-20  17:08:55.716900	-3.706055
08-Oct-20  17:08:55.716950	-3.686523
08-Oct-20  17:08:55.717000	-3.583984
08-Oct-20  17:08:55.717050	-3.403320
08-Oct-20  17:08:55.717100	-3.149414
08-Oct-20  17:08:55.717150	-2.829590
08-Oct-20  17:08:55.717200	-2.443848
08-Oct-20  17:08:55.717250	-2.009277
08-Oct-20  17:08:55.717300	-1.525879
08-Oct-20  17:08:55.717350	-1.013184
08-Oct-20  17:08:55.717400	-0.476074
08-Oct-20  17:08:55.717450	0.070801
08-Oct-20  17:08:55.717500	0.615234
08-Oct-20  17:08:55.717550	1.145020
08-Oct-20  17:08:55.717600	1.647949
08-Oct-20  17:08:55.717650	2.116699
08-Oct-20  17:08:55.717700	2.541504
08-Oct-20  17:08:55.717750	2.907715
08-Oct-20  17:08:55.717800	3.210449
08-Oct-20  17:08:55.717850	3.444824
08-Oct-20  17:08:55.717900	3.601074
08-Oct-20  17:08:55.717950	3.679199
08-Oct-20  17:08:55.718000	3.674316
08-Oct-20  17:08:55.718050	3.591309
08-Oct-20  17:08:55.718100	3.430176
08-Oct-20  17:08:55.718150	3.193359
08-Oct-20  17:08:55.718200	2.885742
08-Oct-20  17:08:55.718250	2.517090
08-Oct-20  17:08:55.718300	2.087402
08-Oct-20  17:08:55.718350	1.618652
08-Oct-20  17:08:55.718400	1.110840
08-Oct-20  17:08:55.718450	0.578613
08-Oct-20  17:08:55.718500	0.031738
08-Oct-20  17:08:55.718550	-0.515137
08-Oct-20  17:08:55.718600	-1.047363
08-Oct-20  17:08:55.718650	-1.560059
08-Oct-20  17:08:55.718700	-2.036133
08-Oct-20  17:08:55.718750	-2.473145
08-Oct-20  17:08:55.718800	-2.851562
08-Oct-20  17:08:55.718850	-3.168945
08-Oct-20  17:08:55.718900	-3.420410
08-Oct-20  17:08:55.718950	-3.596191
08-Oct-20  17:08:55.719000	-3.691406
08-Oct-20  17:08:55.719050	-3.708496
08-Oct-20  17:08:55.719100	-3.642578
08-Oct-20  17:08:55.719150	-3.496094
08-Oct-20  17:08:55.719200	-3.276367
08-Oct-20  17:08:55.719250	-2.985840
08-Oct-20  17:08:55.719300	-2.629395
08-Oct-20  17:08:55.719350	-2.219238
08-Oct-20  17:08:55.719400	-1.755371
08-Oct-20  17:08:55.719450	-1.252441
08-Oct-20  17:08:55.719500	-0.725098
08-Oct-20  17:08:55.719550	-0.183105
08-Oct-20  17:08:55.719600	0.363770
08-Oct-20  17:08:55.719650	0.900879
08-Oct-20  17:08:55.719700	1.418457
08-Oct-20  17:08:55.719750	1.906738
08-Oct-20  17:08:55.719800	2.351074
08-Oct-20  17:08:55.719850	2.746582
08-Oct-20  17:08:55.719900	3.078613
08-Oct-20  17:08:55.719950	3.347168
08-Oct-20  17:08:55.720000	3.537598
08-Oct-20  17:08:55.720050	3.652344
08-Oct-20  17:08:55.720100	3.688965
08-Oct-20  17:08:55.720150	3.640137
08-Oct-20  17:08:55.720200	3.513184
08-Oct-20  17:08:55.720250	3.310547
08-Oct-20  17:08:55.720300	3.034668
08-Oct-20  17:08:55.720350	2.692871
08-Oct-20  17:08:55.720400	2.292480
08-Oct-20  17:08:55.720450	1.843262
08-Oct-20  17:08:55.720500	1.350098
08-Oct-20  17:08:55.720550	0.827637
08-Oct-20  17:08:55.720600	0.285645
08-Oct-20  17:08:55.720650	-0.261230
08-Oct-20  17:08:55.720700	-0.803223
08-Oct-20  17:08:55.720750	-1.325684
08-Oct-20  17:08:55.720800	-1.823730
08-Oct-20  17:08:55.720850	-2.277832
08-Oct-20  17:08:55.720900	-2.680664
08-Oct-20  17:08:55.720950	-3.032227
08-Oct-20  17:08:55.721000	-3.310547
08-Oct-20  17:08:55.721050	-3.522949
08-Oct-20  17:08:55.721100	-3.657227
08-Oct-20  17:08:55.721150	-3.710937
08-Oct-20  17:08:55.721200	-3.684082
08-Oct-20  17:08:55.721250	-3.576660
08-Oct-20  17:08:55.721300	-3.388672
08-Oct-20  17:08:55.721350	-3.129883
08-Oct-20  17:08:55.721400	-2.805176
08-Oct-20  17:08:55.721450	-2.414551
08-Oct-20  17:08:55.721500	-1.972656
08-Oct-20  17:08:55.721550	-1.491699
08-Oct-20  17:08:55.721600	-0.974121
08-Oct-20  17:08:55.721650	-0.437012
08-Oct-20  17:08:55.721700	0.109863
08-Oct-20  17:08:55.721750	0.651855
08-Oct-20  17:08:55.721800	1.184082
08-Oct-20  17:08:55.721850	1.687012
08-Oct-20  17:08:55.721900	2.150879
08-Oct-20  17:08:55.721950	2.570801
08-Oct-20  17:08:55.722000	2.932129
08-Oct-20  17:08:55.722050	3.229980
08-Oct-20  17:08:55.722100	3.459473
08-Oct-20  17:08:55.722150	3.608398
08-Oct-20  17:08:55.722200	3.676758
08-Oct-20  17:08:55.722250	3.671875
08-Oct-20  17:08:55.722300	3.581543
08-Oct-20  17:08:55.722350	3.415527
08-Oct-20  17:08:55.722400	3.171387
08-Oct-20  17:08:55.722450	2.858887
08-Oct-20  17:08:55.722500	2.487793
08-Oct-20  17:08:55.722550	2.055664
08-Oct-20  17:08:55.722600	1.579590
08-Oct-20  17:08:55.722650	1.071777
08-Oct-20  17:08:55.722700	0.539551
08-Oct-20  17:08:55.722750	-0.007324
08-Oct-20  17:08:55.722800	-0.554199
08-Oct-20  17:08:55.722850	-1.083984
08-Oct-20  17:08:55.722900	-1.599121
08-Oct-20  17:08:55.722950	-2.070312
08-Oct-20  17:08:55.723000	-2.500000
08-Oct-20  17:08:55.723050	-2.878418
08-Oct-20  17:08:55.723100	-3.188477
08-Oct-20  17:08:55.723150	-3.432617
08-Oct-20  17:08:55.723200	-3.603516
08-Oct-20  17:08:55.723250	-3.696289
08-Oct-20  17:08:55.723300	-3.708496
08-Oct-20  17:08:55.723350	-3.632812
08-Oct-20  17:08:55.723400	-3.481445
08-Oct-20  17:08:55.723450	-3.259277
08-Oct-20  17:08:55.723500	-2.961426
08-Oct-20  17:08:55.723550	-2.600098
08-Oct-20  17:08:55.723600	-2.182617
08-Oct-20  17:08:55.723650	-1.721191
08-Oct-20  17:08:55.723700	-1.218262
08-Oct-20  17:08:55.723750	-0.686035
08-Oct-20  17:08:55.723800	-0.144043
08-Oct-20  17:08:55.723850	0.402832
08-Oct-20  17:08:55.723900	0.939941
08-Oct-20  17:08:55.723950	1.457520
08-Oct-20  17:08:55.724000	1.940918
08-Oct-20  17:08:55.724050	2.385254
08-Oct-20  17:08:55.724100	2.770996
08-Oct-20  17:08:55.724150	3.103027
08-Oct-20  17:08:55.724200	3.361816
08-Oct-20  17:08:55.724250	3.547363
08-Oct-20  17:08:55.724300	3.657227
08-Oct-20  17:08:55.724350	3.688965
08-Oct-20  17:08:55.724400	3.632812
08-Oct-20  17:08:55.724450	3.503418
08-Oct-20  17:08:55.724500	3.293457
08-Oct-20  17:08:55.724550	3.015137
08-Oct-20  17:08:55.724600	2.668457
08-Oct-20  17:08:55.724650	2.263184
08-Oct-20  17:08:55.724700	1.804199
08-Oct-20  17:08:55.724750	1.311035
08-Oct-20  17:08:55.724800	0.788574
08-Oct-20  17:08:55.724850	0.246582
08-Oct-20  17:08:55.724900	-0.300293
08-Oct-20  17:08:55.724950	-0.842285
08-Oct-20  17:08:55.725000	-1.364746
08-Oct-20  17:08:55.725050	-1.857910
08-Oct-20  17:08:55.725100	-2.312012
08-Oct-20  17:08:55.725150	-2.709961
08-Oct-20  17:08:55.725200	-3.051758
08-Oct-20  17:08:55.725250	-3.330078
08-Oct-20  17:08:55.725300	-3.537598
08-Oct-20  17:08:55.725350	-3.662109
08-Oct-20  17:08:55.725400	-3.713379
08-Oct-20  17:08:55.725450	-3.679199
08-Oct-20  17:08:55.725500	-3.566895
08-Oct-20  17:08:55.725550	-3.369141
08-Oct-20  17:08:55.725600	-3.107910
08-Oct-20  17:08:55.725650	-2.775879
08-Oct-20  17:08:55.725700	-2.382812
08-Oct-20  17:08:55.725750	-1.938477
08-Oct-20  17:08:55.725800	-1.452637
08-Oct-20  17:08:55.725850	-0.935059
08-Oct-20  17:08:55.725900	-0.397949
08-Oct-20  17:08:55.725950	0.148926
08-Oct-20  17:08:55.726000	0.695801
08-Oct-20  17:08:55.726050	1.223145
08-Oct-20  17:08:55.726100	1.721191
08-Oct-20  17:08:55.726150	2.185059
08-Oct-20  17:08:55.726200	2.600098
08-Oct-20  17:08:55.726250	2.956543
08-Oct-20  17:08:55.726300	3.249512
08-Oct-20  17:08:55.726350	3.474121
08-Oct-20  17:08:55.726400	3.613281
08-Oct-20  17:08:55.726450	3.684082
08-Oct-20  17:08:55.726500	3.669434
08-Oct-20  17:08:55.726550	3.571777
08-Oct-20  17:08:55.726600	3.398437
08-Oct-20  17:08:55.726650	3.151855
08-Oct-20  17:08:55.726700	2.834473
08-Oct-20  17:08:55.726750	2.453613
08-Oct-20  17:08:55.726800	2.023926
08-Oct-20  17:08:55.726850	1.545410
08-Oct-20  17:08:55.726900	1.032715
08-Oct-20  17:08:55.726950	0.495605
08-Oct-20  17:08:55.727000	-0.046387
08-Oct-20  17:08:55.727050	-0.593262
08-Oct-20  17:08:55.727100	-1.125488
08-Oct-20  17:08:55.727150	-1.633301
08-Oct-20  17:08:55.727200	-2.104492
08-Oct-20  17:08:55.727250	-2.531738
08-Oct-20  17:08:55.727300	-2.902832
08-Oct-20  17:08:55.727350	-3.212891
08-Oct-20  17:08:55.727400	-3.447266
08-Oct-20  17:08:55.727450	-3.613281
08-Oct-20  17:08:55.727500	-3.698730
08-Oct-20  17:08:55.727550	-3.703613
08-Oct-20  17:08:55.727600	-3.623047
08-Oct-20  17:08:55.727650	-3.474121
08-Oct-20  17:08:55.727700	-3.237305
08-Oct-20  17:08:55.727750	-2.937012
08-Oct-20  17:08:55.727800	-2.568359
08-Oct-20  17:08:55.727850	-2.150879
08-Oct-20  17:08:55.727900	-1.682129
08-Oct-20  17:08:55.727950	-1.179199
08-Oct-20  17:08:55.728000	-0.646973
08-Oct-20  17:08:55.728050	-0.104980
08-Oct-20  17:08:55.728100	0.441895
08-Oct-20  17:08:55.728150	0.979004
08-Oct-20  17:08:55.728200	1.496582
08-Oct-20  17:08:55.728250	1.975098
08-Oct-20  17:08:55.728300	2.414551
08-Oct-20  17:08:55.728350	2.800293
08-Oct-20  17:08:55.728400	3.122559
08-Oct-20  17:08:55.728450	3.374023
08-Oct-20  17:08:55.728500	3.562012
08-Oct-20  17:08:55.728550	3.664551
08-Oct-20  17:08:55.728600	3.684082
08-Oct-20  17:08:55.728650	3.623047
08-Oct-20  17:08:55.728700	3.486328
08-Oct-20  17:08:55.728750	3.273926
08-Oct-20  17:08:55.728800	2.990723
08-Oct-20  17:08:55.728850	2.639160
08-Oct-20  17:08:55.728900	2.229004
08-Oct-20  17:08:55.728950	1.770020
08-Oct-20  17:08:55.729000	1.271973
08-Oct-20  17:08:55.729050	0.749512
08-Oct-20  17:08:55.729100	0.202637
08-Oct-20  17:08:55.729150	-0.344238
08-Oct-20  17:08:55.729200	-0.881348
08-Oct-20  17:08:55.729250	-1.403809
08-Oct-20  17:08:55.729300	-1.889648
08-Oct-20  17:08:55.729350	-2.341309
08-Oct-20  17:08:55.729400	-2.741699
08-Oct-20  17:08:55.729450	-3.078613
08-Oct-20  17:08:55.729500	-3.349609
08-Oct-20  17:08:55.729550	-3.547363
08-Oct-20  17:08:55.729600	-3.666992
08-Oct-20  17:08:55.729650	-3.713379
08-Oct-20  17:08:55.729700	-3.674316
08-Oct-20  17:08:55.729750	-3.552246
08-Oct-20  17:08:55.729800	-3.354492
08-Oct-20  17:08:55.729850	-3.088379
08-Oct-20  17:08:55.729900	-2.749023
08-Oct-20  17:08:55.729950	-2.351074
08-Oct-20  17:08:55.730000	-1.906738
08-Oct-20  17:08:55.730050	-1.413574
08-Oct-20  17:08:55.730100	-0.895996
08-Oct-20  17:08:55.730150	-0.354004
08-Oct-20  17:08:55.730200	0.192871
08-Oct-20  17:08:55.730250	0.734863
08-Oct-20  17:08:55.730300	1.257324
08-Oct-20  17:08:55.730350	1.760254
08-Oct-20  17:08:55.730400	2.219238
08-Oct-20  17:08:55.730450	2.629395
08-Oct-20  17:08:55.730500	2.980957
08-Oct-20  17:08:55.730550	3.269043
08-Oct-20  17:08:55.730600	3.481445
08-Oct-20  17:08:55.730650	3.623047
08-Oct-20  17:08:55.730700	3.684082
08-Oct-20  17:08:55.730750	3.664551
08-Oct-20  17:08:55.730800	3.562012
08-Oct-20  17:08:55.730850	3.386230
08-Oct-20  17:08:55.730900	3.132324
08-Oct-20  17:08:55.730950	2.810059
08-Oct-20  17:08:55.731000	2.424316
08-Oct-20  17:08:55.731050	1.989746
08-Oct-20  17:08:55.731100	1.506348
08-Oct-20  17:08:55.731150	0.993652
08-Oct-20  17:08:55.731200	0.456543
08-Oct-20  17:08:55.731250	-0.090332
08-Oct-20  17:08:55.731300	-0.632324
08-Oct-20  17:08:55.731350	-1.164551
08-Oct-20  17:08:55.731400	-1.672363
08-Oct-20  17:08:55.731450	-2.141113
08-Oct-20  17:08:55.731500	-2.558594
08-Oct-20  17:08:55.731550	-2.932129
08-Oct-20  17:08:55.731600	-3.232422
08-Oct-20  17:08:55.731650	-3.461914
08-Oct-20  17:08:55.731700	-3.623047
08-Oct-20  17:08:55.731750	-3.703613
08-Oct-20  17:08:55.731800	-3.698730
08-Oct-20  17:08:55.731850	-3.618164
08-Oct-20  17:08:55.731900	-3.459473
08-Oct-20  17:08:55.731950	-3.217773
08-Oct-20  17:08:55.732000	-2.912598
08-Oct-20  17:08:55.732050	-2.539062
08-Oct-20  17:08:55.732100	-2.116699
08-Oct-20  17:08:55.732150	-1.647949
08-Oct-20  17:08:55.732200	-1.140137
08-Oct-20  17:08:55.732250	-0.607910
08-Oct-20  17:08:55.732300	-0.061035
08-Oct-20  17:08:55.732350	0.485840
08-Oct-20  17:08:55.732400	1.018066
08-Oct-20  17:08:55.732450	1.530762
08-Oct-20  17:08:55.732500	2.009277
08-Oct-20  17:08:55.732550	2.443848
08-Oct-20  17:08:55.732600	2.824707
08-Oct-20  17:08:55.732650	3.146973
08-Oct-20  17:08:55.732700	3.395996
08-Oct-20  17:08:55.732750	3.571777
08-Oct-20  17:08:55.732800	3.669434
08-Oct-20  17:08:55.732850	3.684082
08-Oct-20  17:08:55.732900	3.620605
08-Oct-20  17:08:55.732950	3.479004
08-Oct-20  17:08:55.733000	3.259277
08-Oct-20  17:08:55.733050	2.966309
08-Oct-20  17:08:55.733100	2.609863
08-Oct-20  17:08:55.733150	2.194824
08-Oct-20  17:08:55.733200	1.735840
08-Oct-20  17:08:55.733250	1.232910
08-Oct-20  17:08:55.733300	0.705566
08-Oct-20  17:08:55.733350	0.163574
08-Oct-20  17:08:55.733400	-0.383301
08-Oct-20  17:08:55.733450	-0.920410
08-Oct-20  17:08:55.733500	-1.437988
08-Oct-20  17:08:55.733550	-1.923828
08-Oct-20  17:08:55.733600	-2.375488
08-Oct-20  17:08:55.733650	-2.766113
08-Oct-20  17:08:55.733700	-3.103027
08-Oct-20  17:08:55.733750	-3.364258
08-Oct-20  17:08:55.733800	-3.562012
08-Oct-20  17:08:55.733850	-3.674316
08-Oct-20  17:08:55.733900	-3.710937
08-Oct-20  17:08:55.733950	-3.662109
08-Oct-20  17:08:55.734000	-3.542480
08-Oct-20  17:08:55.734050	-3.334961
08-Oct-20  17:08:55.734100	-3.063965
08-Oct-20  17:08:55.734150	-2.719727
08-Oct-20  17:08:55.734200	-2.321777
08-Oct-20  17:08:55.734250	-1.865234
08-Oct-20  17:08:55.734300	-1.379395
08-Oct-20  17:08:55.734350	-0.856934
08-Oct-20  17:08:55.734400	-0.314941
08-Oct-20  17:08:55.734450	0.231934
08-Oct-20  17:08:55.734500	0.773926
08-Oct-20  17:08:55.734550	1.296387
08-Oct-20  17:08:55.734600	1.794434
08-Oct-20  17:08:55.734650	2.248535
08-Oct-20  17:08:55.734700	2.658691
08-Oct-20  17:08:55.734750	3.005371
08-Oct-20  17:08:55.734800	3.288574
08-Oct-20  17:08:55.734850	3.498535
08-Oct-20  17:08:55.734900	3.627930
08-Oct-20  17:08:55.734950	3.688965
08-Oct-20  17:08:55.735000	3.659668
08-Oct-20  17:08:55.735050	3.552246
08-Oct-20  17:08:55.735100	3.364258
08-Oct-20  17:08:55.735150	3.107910
08-Oct-20  17:08:55.735200	2.780762
08-Oct-20  17:08:55.735250	2.395020
08-Oct-20  17:08:55.735300	1.953125
08-Oct-20  17:08:55.735350	1.472168
08-Oct-20  17:08:55.735400	0.954590
08-Oct-20  17:08:55.735450	0.417480
08-Oct-20  17:08:55.735500	-0.129395
08-Oct-20  17:08:55.735550	-0.671387
08-Oct-20  17:08:55.735600	-1.203613
08-Oct-20  17:08:55.735650	-1.706543
08-Oct-20  17:08:55.735700	-2.175293
08-Oct-20  17:08:55.735750	-2.587891
08-Oct-20  17:08:55.735800	-2.956543
08-Oct-20  17:08:55.735850	-3.251953
08-Oct-20  17:08:55.735900	-3.476562
08-Oct-20  17:08:55.735950	-3.632812
08-Oct-20  17:08:55.736000	-3.701172
08-Oct-20  17:08:55.736050	-3.698730
08-Oct-20  17:08:55.736100	-3.608398
08-Oct-20  17:08:55.736150	-3.437500
08-Oct-20  17:08:55.736200	-3.198242
08-Oct-20  17:08:55.736250	-2.888184
08-Oct-20  17:08:55.736300	-2.509766
08-Oct-20  17:08:55.736350	-2.080078
08-Oct-20  17:08:55.736400	-1.608887
08-Oct-20  17:08:55.736450	-1.101074
08-Oct-20  17:08:55.736500	-0.568848
08-Oct-20  17:08:55.736550	-0.021973
08-Oct-20  17:08:55.736600	0.524902
08-Oct-20  17:08:55.736650	1.057129
08-Oct-20  17:08:55.736700	1.569824
08-Oct-20  17:08:55.736750	2.043457
08-Oct-20  17:08:55.736800	2.473145
08-Oct-20  17:08:55.736850	2.854004
08-Oct-20  17:08:55.736900	3.164062
08-Oct-20  17:08:55.736950	3.410645
08-Oct-20  17:08:55.737000	3.581543
08-Oct-20  17:08:55.737050	3.666992
08-Oct-20  17:08:55.737100	3.681641
08-Oct-20  17:08:55.737150	3.608398
08-Oct-20  17:08:55.737200	3.464355
08-Oct-20  17:08:55.737250	3.239746
08-Oct-20  17:08:55.737300	2.941895
08-Oct-20  17:08:55.737350	2.580566
08-Oct-20  17:08:55.737400	2.165527
08-Oct-20  17:08:55.737450	1.696777
08-Oct-20  17:08:55.737500	1.193848
08-Oct-20  17:08:55.737550	0.666504
08-Oct-20  17:08:55.737600	0.124512
08-Oct-20  17:08:55.737650	-0.422363
08-Oct-20  17:08:55.737700	-0.959473
08-Oct-20  17:08:55.737750	-1.477051
08-Oct-20  17:08:55.737800	-1.960449
08-Oct-20  17:08:55.737850	-2.404785
08-Oct-20  17:08:55.737900	-2.795410
08-Oct-20  17:08:55.737950	-3.120117
08-Oct-20  17:08:55.738000	-3.383789
08-Oct-20  17:08:55.738050	-3.571777
08-Oct-20  17:08:55.738100	-3.681641
08-Oct-20  17:08:55.738150	-3.710937
08-Oct-20  17:08:55.738200	-3.657227
08-Oct-20  17:08:55.738250	-3.527832
08-Oct-20  17:08:55.738300	-3.320312
08-Oct-20  17:08:55.738350	-3.039551
08-Oct-20  17:08:55.738400	-2.690430
08-Oct-20  17:08:55.738450	-2.287598
08-Oct-20  17:08:55.738500	-1.833496
08-Oct-20  17:08:55.738550	-1.340332
08-Oct-20  17:08:55.738600	-0.817871
08-Oct-20  17:08:55.738650	-0.275879
08-Oct-20  17:08:55.738700	0.270996
08-Oct-20  17:08:55.738750	0.812988
08-Oct-20  17:08:55.738800	1.335449
08-Oct-20  17:08:55.738850	1.828613
08-Oct-20  17:08:55.738900	2.282715
08-Oct-20  17:08:55.738950	2.683105
08-Oct-20  17:08:55.739000	3.029785
08-Oct-20  17:08:55.739050	3.305664
08-Oct-20  17:08:55.739100	3.513184
08-Oct-20  17:08:55.739150	3.637695
08-Oct-20  17:08:55.739200	3.686523
08-Oct-20  17:08:55.739250	3.652344
08-Oct-20  17:08:55.739300	3.542480
08-Oct-20  17:08:55.739350	3.352051
08-Oct-20  17:08:55.739400	3.088379
08-Oct-20  17:08:55.739450	2.756348
08-Oct-20  17:08:55.739500	2.358398
08-Oct-20  17:08:55.739550	1.921387
08-Oct-20  17:08:55.739600	1.433105
08-Oct-20  17:08:55.739650	0.915527
08-Oct-20  17:08:55.739700	0.378418
08-Oct-20  17:08:55.739750	-0.168457
08-Oct-20  17:08:55.739800	-0.715332
08-Oct-20  17:08:55.739850	-1.242676
08-Oct-20  17:08:55.739900	-1.738281
08-Oct-20  17:08:55.739950	-2.204590
08-Oct-20  17:08:55.740000	-2.619629
08-Oct-20  17:08:55.740050	-2.978516
08-Oct-20  17:08:55.740100	-3.271484
08-Oct-20  17:08:55.740150	-3.491211
08-Oct-20  17:08:55.740200	-3.637695
08-Oct-20  17:08:55.740250	-3.706055
08-Oct-20  17:08:55.740300	-3.691406
08-Oct-20  17:08:55.740350	-3.598633
08-Oct-20  17:08:55.740400	-3.422852
08-Oct-20  17:08:55.740450	-3.178711
08-Oct-20  17:08:55.740500	-2.863770
08-Oct-20  17:08:55.740550	-2.482910
08-Oct-20  17:08:55.740600	-2.045898
08-Oct-20  17:08:55.740650	-1.574707
08-Oct-20  17:08:55.740700	-1.062012
08-Oct-20  17:08:55.740750	-0.524902
08-Oct-20  17:08:55.740800	0.017090
08-Oct-20  17:08:55.740850	0.563965
08-Oct-20  17:08:55.740900	1.096191
08-Oct-20  17:08:55.740950	1.604004
08-Oct-20  17:08:55.741000	2.077637
08-Oct-20  17:08:55.741050	2.507324
08-Oct-20  17:08:55.741100	2.878418
08-Oct-20  17:08:55.741150	3.186035
08-Oct-20  17:08:55.741200	3.425293
08-Oct-20  17:08:55.741250	3.591309
08-Oct-20  17:08:55.741300	3.671875
08-Oct-20  17:08:55.741350	3.676758
08-Oct-20  17:08:55.741400	3.605957
08-Oct-20  17:08:55.741450	3.449707
08-Oct-20  17:08:55.741500	3.220215
08-Oct-20  17:08:55.741550	2.917480
08-Oct-20  17:08:55.741600	2.551270
08-Oct-20  17:08:55.741650	2.131348
08-Oct-20  17:08:55.741700	1.662598
08-Oct-20  17:08:55.741750	1.159668
08-Oct-20  17:08:55.741800	0.627441
08-Oct-20  17:08:55.741850	0.085449
08-Oct-20  17:08:55.741900	-0.461426
08-Oct-20  17:08:55.741950	-0.998535
08-Oct-20  17:08:55.742000	-1.516113
08-Oct-20  17:08:55.742050	-1.994629
08-Oct-20  17:08:55.742100	-2.434082
08-Oct-20  17:08:55.742150	-2.817383
08-Oct-20  17:08:55.742200	-3.144531
08-Oct-20  17:08:55.742250	-3.400879
08-Oct-20  17:08:55.742300	-3.579102
08-Oct-20  17:08:55.742350	-3.688965
08-Oct-20  17:08:55.742400	-3.706055
08-Oct-20  17:08:55.742450	-3.652344
08-Oct-20  17:08:55.742500	-3.515625
08-Oct-20  17:08:55.742550	-3.300781
08-Oct-20  17:08:55.742600	-3.015137
08-Oct-20  17:08:55.742650	-2.666016
08-Oct-20  17:08:55.742700	-2.258301
08-Oct-20  17:08:55.742750	-1.799316
08-Oct-20  17:08:55.742800	-1.301270
08-Oct-20  17:08:55.742850	-0.773926
08-Oct-20  17:08:55.742900	-0.231934
08-Oct-20  17:08:55.742950	0.314941
08-Oct-20  17:08:55.743000	0.852051
08-Oct-20  17:08:55.743050	1.374512
08-Oct-20  17:08:55.743100	1.862793
08-Oct-20  17:08:55.743150	2.312012
08-Oct-20  17:08:55.743200	2.712402
08-Oct-20  17:08:55.743250	3.054199
08-Oct-20  17:08:55.743300	3.322754
08-Oct-20  17:08:55.743350	3.522949
08-Oct-20  17:08:55.743400	3.645020
08-Oct-20  17:08:55.743450	3.688965
08-Oct-20  17:08:55.743500	3.649902
08-Oct-20  17:08:55.743550	3.532715
08-Oct-20  17:08:55.743600	3.330078
08-Oct-20  17:08:55.743650	3.063965
08-Oct-20  17:08:55.743700	2.727051
08-Oct-20  17:08:55.743750	2.331543
08-Oct-20  17:08:55.743800	1.882324
08-Oct-20  17:08:55.743850	1.394043
08-Oct-20  17:08:55.743900	0.876465
08-Oct-20  17:08:55.743950	0.334473
08-Oct-20  17:08:55.744000	-0.212402
08-Oct-20  17:08:55.744050	-0.754395
08-Oct-20  17:08:55.744100	-1.281738
08-Oct-20  17:08:55.744150	-1.779785
08-Oct-20  17:08:55.744200	-2.236328
08-Oct-20  17:08:55.744250	-2.646484
08-Oct-20  17:08:55.744300	-3.002930
08-Oct-20  17:08:55.744350	-3.291016
08-Oct-20  17:08:55.744400	-3.508301
08-Oct-20  17:08:55.744450	-3.647461
08-Oct-20  17:08:55.744500	-3.706055
08-Oct-20  17:08:55.744550	-3.688965
08-Oct-20  17:08:55.744600	-3.588867
08-Oct-20  17:08:55.744650	-3.408203
08-Oct-20  17:08:55.744700	-3.154297
08-Oct-20  17:08:55.744750	-2.834473
08-Oct-20  17:08:55.744800	-2.453613
08-Oct-20  17:08:55.744850	-2.014160
08-Oct-20  17:08:55.744900	-1.535645
08-Oct-20  17:08:55.744950	-1.022949
08-Oct-20  17:08:55.745000	-0.485840
08-Oct-20  17:08:55.745050	0.061035
08-Oct-20  17:08:55.745100	0.603027
08-Oct-20  17:08:55.745150	1.135254
08-Oct-20  17:08:55.745200	1.643066
08-Oct-20  17:08:55.745250	2.111816
08-Oct-20  17:08:55.745300	2.536621
08-Oct-20  17:08:55.745350	2.902832
08-Oct-20  17:08:55.745400	3.205566
08-Oct-20  17:08:55.745450	3.439941
08-Oct-20  17:08:55.745500	3.601074
08-Oct-20  17:08:55.745550	3.676758
08-Oct-20  17:08:55.745600	3.679199
08-Oct-20  17:08:55.745650	3.596191
08-Oct-20  17:08:55.745700	3.435059
08-Oct-20  17:08:55.745750	3.200684
08-Oct-20  17:08:55.745800	2.893066
08-Oct-20  17:08:55.745850	2.521973
08-Oct-20  17:08:55.745900	2.097168
08-Oct-20  17:08:55.745950	1.628418
08-Oct-20  17:08:55.746000	1.120605
08-Oct-20  17:08:55.746050	0.588379
08-Oct-20  17:08:55.746100	0.041504
08-Oct-20  17:08:55.746150	-0.505371
08-Oct-20  17:08:55.746200	-1.037598
08-Oct-20  17:08:55.746250	-1.550293
08-Oct-20  17:08:55.746300	-2.026367
08-Oct-20  17:08:55.746350	-2.468262
08-Oct-20  17:08:55.746400	-2.846680
08-Oct-20  17:08:55.746450	-3.166504
08-Oct-20  17:08:55.746500	-3.413086
08-Oct-20  17:08:55.746550	-3.588867
08-Oct-20  17:08:55.746600	-3.691406
08-Oct-20  17:08:55.746650	-3.708496
08-Oct-20  17:08:55.746700	-3.642578
08-Oct-20  17:08:55.746750	-3.500977
08-Oct-20  17:08:55.746800	-3.281250
08-Oct-20  17:08:55.746850	-2.995605
08-Oct-20  17:08:55.746900	-2.639160
08-Oct-20  17:08:55.746950	-2.221680
08-Oct-20  17:08:55.747000	-1.765137
08-Oct-20  17:08:55.747050	-1.262207
08-Oct-20  17:08:55.747100	-0.734863
08-Oct-20  17:08:55.747150	-0.192871
08-Oct-20  17:08:55.747200	0.354004
08-Oct-20  17:08:55.747250	0.891113
08-Oct-20  17:08:55.747300	1.413574
08-Oct-20  17:08:55.747350	1.896973
08-Oct-20  17:08:55.747400	2.346191
08-Oct-20  17:08:55.747450	2.741699
08-Oct-20  17:08:55.747500	3.073730
08-Oct-20  17:08:55.747550	3.342285
08-Oct-20  17:08:55.747600	3.537598
08-Oct-20  17:08:55.747650	3.649902
08-Oct-20  17:08:55.747700	3.688965
08-Oct-20  17:08:55.747750	3.645020
08-Oct-20  17:08:55.747800	3.518066
08-Oct-20  17:08:55.747850	3.315430
08-Oct-20  17:08:55.747900	3.044434
08-Oct-20  17:08:55.747950	2.702637
08-Oct-20  17:08:55.748000	2.302246
08-Oct-20  17:08:55.748050	1.848145
08-Oct-20  17:08:55.748100	1.354980
08-Oct-20  17:08:55.748150	0.837402
08-Oct-20  17:08:55.748200	0.295410
08-Oct-20  17:08:55.748250	-0.251465
08-Oct-20  17:08:55.748300	-0.793457
08-Oct-20  17:08:55.748350	-1.315918
08-Oct-20  17:08:55.748400	-1.813965
08-Oct-20  17:08:55.748450	-2.270508
08-Oct-20  17:08:55.748500	-2.675781
08-Oct-20  17:08:55.748550	-3.024902
08-Oct-20  17:08:55.748600	-3.305664
08-Oct-20  17:08:55.748650	-3.520508
08-Oct-20  17:08:55.748700	-3.652344
08-Oct-20  17:08:55.748750	-3.708496
08-Oct-20  17:08:55.748800	-3.681641
08-Oct-20  17:08:55.748850	-3.574219
08-Oct-20  17:08:55.748900	-3.395996
08-Oct-20  17:08:55.748950	-3.134766
08-Oct-20  17:08:55.749000	-2.810059
08-Oct-20  17:08:55.749050	-2.424316
08-Oct-20  17:08:55.749100	-1.979980
08-Oct-20  17:08:55.749150	-1.496582
08-Oct-20  17:08:55.749200	-0.983887
08-Oct-20  17:08:55.749250	-0.446777
08-Oct-20  17:08:55.749300	0.100098
08-Oct-20  17:08:55.749350	0.646973
08-Oct-20  17:08:55.749400	1.174316
08-Oct-20  17:08:55.749450	1.677246
08-Oct-20  17:08:55.749500	2.145996
08-Oct-20  17:08:55.749550	2.565918
08-Oct-20  17:08:55.749600	2.927246
08-Oct-20  17:08:55.749650	3.225098
08-Oct-20  17:08:55.749700	3.454590
08-Oct-20  17:08:55.749750	3.605957
08-Oct-20  17:08:55.749800	3.679199
08-Oct-20  17:08:55.749850	3.674316
08-Oct-20  17:08:55.749900	3.586426
08-Oct-20  17:08:55.749950	3.417969
08-Oct-20  17:08:55.750000	3.176270
08-Oct-20  17:08:55.750050	2.868652
08-Oct-20  17:08:55.750100	2.492676
08-Oct-20  17:08:55.750150	2.062988
08-Oct-20  17:08:55.750200	1.589355
08-Oct-20  17:08:55.750250	1.081543
08-Oct-20  17:08:55.750300	0.549316
08-Oct-20  17:08:55.750350	0.004883
08-Oct-20  17:08:55.750400	-0.544434
08-Oct-20  17:08:55.750450	-1.076660
08-Oct-20  17:08:55.750500	-1.586914
08-Oct-20  17:08:55.750550	-2.060547
08-Oct-20  17:08:55.750600	-2.495117
08-Oct-20  17:08:55.750650	-2.873535
08-Oct-20  17:08:55.750700	-3.183594
08-Oct-20  17:08:55.750750	-3.432617
08-Oct-20  17:08:55.750800	-3.603516
08-Oct-20  17:08:55.750850	-3.691406
08-Oct-20  17:08:55.750900	-3.708496
08-Oct-20  17:08:55.750950	-3.632812
08-Oct-20  17:08:55.751000	-3.486328
08-Oct-20  17:08:55.751050	-3.264160
08-Oct-20  17:08:55.751100	-2.971191
08-Oct-20  17:08:55.751150	-2.609863
08-Oct-20  17:08:55.751200	-2.189941
08-Oct-20  17:08:55.751250	-1.726074
08-Oct-20  17:08:55.751300	-1.223145
08-Oct-20  17:08:55.751350	-0.695801
08-Oct-20  17:08:55.751400	-0.153809
08-Oct-20  17:08:55.751450	0.393066
08-Oct-20  17:08:55.751500	0.930176
08-Oct-20  17:08:55.751550	1.447754
08-Oct-20  17:08:55.751600	1.933594
08-Oct-20  17:08:55.751650	2.373047
08-Oct-20  17:08:55.751700	2.766113
08-Oct-20  17:08:55.751750	3.098145
08-Oct-20  17:08:55.751800	3.354492
08-Oct-20  17:08:55.751850	3.547363
08-Oct-20  17:08:55.751900	3.654785
08-Oct-20  17:08:55.751950	3.688965
08-Oct-20  17:08:55.752000	3.632812
08-Oct-20  17:08:55.752050	3.508301
08-Oct-20  17:08:55.752100	3.298340
08-Oct-20  17:08:55.752150	3.020020
08-Oct-20  17:08:55.752200	2.673340
08-Oct-20  17:08:55.752250	2.268066
08-Oct-20  17:08:55.752300	1.813965
08-Oct-20  17:08:55.752350	1.320801
08-Oct-20  17:08:55.752400	0.798340
08-Oct-20  17:08:55.752450	0.256348
08-Oct-20  17:08:55.752500	-0.290527
08-Oct-20  17:08:55.752550	-0.830078
08-Oct-20  17:08:55.752600	-1.354980
08-Oct-20  17:08:55.752650	-1.848145
08-Oct-20  17:08:55.752700	-2.302246
08-Oct-20  17:08:55.752750	-2.705078
08-Oct-20  17:08:55.752800	-3.049316
08-Oct-20  17:08:55.752850	-3.325195
08-Oct-20  17:08:55.752900	-3.532715
08-Oct-20  17:08:55.752950	-3.662109
08-Oct-20  17:08:55.753000	-3.710937
08-Oct-20  17:08:55.753050	-3.676758
08-Oct-20  17:08:55.753100	-3.566895
08-Oct-20  17:08:55.753150	-3.374023
08-Oct-20  17:08:55.753200	-3.112793
08-Oct-20  17:08:55.753250	-2.778320
08-Oct-20  17:08:55.753300	-2.390137
08-Oct-20  17:08:55.753350	-1.945801
08-Oct-20  17:08:55.753400	-1.459961
08-Oct-20  17:08:55.753450	-0.944824
08-Oct-20  17:08:55.753500	-0.407715
08-Oct-20  17:08:55.753550	0.139160
08-Oct-20  17:08:55.753600	0.686035
08-Oct-20  17:08:55.753650	1.213379
08-Oct-20  17:08:55.753700	1.716309
08-Oct-20  17:08:55.753750	2.175293
08-Oct-20  17:08:55.753800	2.595215
08-Oct-20  17:08:55.753850	2.951660
08-Oct-20  17:08:55.753900	3.244629
08-Oct-20  17:08:55.753950	3.469238
08-Oct-20  17:08:55.754000	3.615723
08-Oct-20  17:08:55.754050	3.684082
08-Oct-20  17:08:55.754100	3.666992
08-Oct-20  17:08:55.754150	3.576660
08-Oct-20  17:08:55.754200	3.405762
08-Oct-20  17:08:55.754250	3.156738
08-Oct-20  17:08:55.754300	2.839355
08-Oct-20  17:08:55.754350	2.463379
08-Oct-20  17:08:55.754400	2.028809
08-Oct-20  17:08:55.754450	1.550293
08-Oct-20  17:08:55.754500	1.042480
08-Oct-20  17:08:55.754550	0.505371
08-Oct-20  17:08:55.754600	-0.036621
08-Oct-20  17:08:55.754650	-0.583496
08-Oct-20  17:08:55.754700	-1.115723
08-Oct-20  17:08:55.754750	-1.623535
08-Oct-20  17:08:55.754800	-2.094727
08-Oct-20  17:08:55.754850	-2.526855
08-Oct-20  17:08:55.754900	-2.897949
08-Oct-20  17:08:55.754950	-3.208008
08-Oct-20  17:08:55.755000	-3.447266
08-Oct-20  17:08:55.755050	-3.608398
08-Oct-20  17:08:55.755100	-3.698730
08-Oct-20  17:08:55.755150	-3.701172
08-Oct-20  17:08:55.755200	-3.627930
08-Oct-20  17:08:55.755250	-3.471680
08-Oct-20  17:08:55.755300	-3.242187
08-Oct-20  17:08:55.755350	-2.941895
08-Oct-20  17:08:55.755400	-2.580566
08-Oct-20  17:08:55.755450	-2.160645
08-Oct-20  17:08:55.755500	-1.691895
08-Oct-20  17:08:55.755550	-1.184082
08-Oct-20  17:08:55.755600	-0.656738
08-Oct-20  17:08:55.755650	-0.109863
08-Oct-20  17:08:55.755700	0.432129
08-Oct-20  17:08:55.755750	0.969238
08-Oct-20  17:08:55.755800	1.486816
08-Oct-20  17:08:55.755850	1.970215
08-Oct-20  17:08:55.755900	2.409668
08-Oct-20  17:08:55.755950	2.795410
08-Oct-20  17:08:55.756000	3.117676
08-Oct-20  17:08:55.756050	3.376465
08-Oct-20  17:08:55.756100	3.557129
08-Oct-20  17:08:55.756150	3.659668
08-Oct-20  17:08:55.756200	3.681641
08-Oct-20  17:08:55.756250	3.630371
08-Oct-20  17:08:55.756300	3.493652
08-Oct-20  17:08:55.756350	3.278809
08-Oct-20  17:08:55.756400	2.995605
08-Oct-20  17:08:55.756450	2.644043
08-Oct-20  17:08:55.756500	2.233887
08-Oct-20  17:08:55.756550	1.779785
08-Oct-20  17:08:55.756600	1.281738
08-Oct-20  17:08:55.756650	0.754395
08-Oct-20  17:08:55.756700	0.212402
08-Oct-20  17:08:55.756750	-0.334473
08-Oct-20  17:08:55.756800	-0.871582
08-Oct-20  17:08:55.756850	-1.394043
08-Oct-20  17:08:55.756900	-1.879883
08-Oct-20  17:08:55.756950	-2.333984
08-Oct-20  17:08:55.757000	-2.731934
08-Oct-20  17:08:55.757050	-3.073730
08-Oct-20  17:08:55.757100	-3.344727
08-Oct-20  17:08:55.757150	-3.547363
08-Oct-20  17:08:55.757200	-3.666992
08-Oct-20  17:08:55.757250	-3.713379
08-Oct-20  17:08:55.757300	-3.671875
08-Oct-20  17:08:55.757350	-3.557129
08-Oct-20  17:08:55.757400	-3.359375
08-Oct-20  17:08:55.757450	-3.093262
08-Oct-20  17:08:55.757500	-2.756348
08-Oct-20  17:08:55.757550	-2.358398
08-Oct-20  17:08:55.757600	-1.909180
08-Oct-20  17:08:55.757650	-1.423340
08-Oct-20  17:08:55.757700	-0.905762
08-Oct-20  17:08:55.757750	-0.363770
08-Oct-20  17:08:55.757800	0.183105
08-Oct-20  17:08:55.757850	0.725098
08-Oct-20  17:08:55.757900	1.252441
08-Oct-20  17:08:55.757950	1.750488
08-Oct-20  17:08:55.758000	2.209473
08-Oct-20  17:08:55.758050	2.624512
08-Oct-20  17:08:55.758100	2.976074
08-Oct-20  17:08:55.758150	3.264160
08-Oct-20  17:08:55.758200	3.483887
08-Oct-20  17:08:55.758250	3.625488
08-Oct-20  17:08:55.758300	3.684082
08-Oct-20  17:08:55.758350	3.662109
08-Oct-20  17:08:55.758400	3.566895
08-Oct-20  17:08:55.758450	3.383789
08-Oct-20  17:08:55.758500	3.137207
08-Oct-20  17:08:55.758550	2.814941
08-Oct-20  17:08:55.758600	2.434082
08-Oct-20  17:08:55.758650	1.994629
08-Oct-20  17:08:55.758700	1.516113
08-Oct-20  17:08:55.758750	1.003418
08-Oct-20  17:08:55.758800	0.466309
08-Oct-20  17:08:55.758850	-0.080566
08-Oct-20  17:08:55.758900	-0.622559
08-Oct-20  17:08:55.758950	-1.152344
08-Oct-20  17:08:55.759000	-1.662598
08-Oct-20  17:08:55.759050	-2.128906
08-Oct-20  17:08:55.759100	-2.556152
08-Oct-20  17:08:55.759150	-2.922363
08-Oct-20  17:08:55.759200	-3.227539
08-Oct-20  17:08:55.759250	-3.461914
08-Oct-20  17:08:55.759300	-3.618164
08-Oct-20  17:08:55.759350	-3.703613
08-Oct-20  17:08:55.759400	-3.701172
08-Oct-20  17:08:55.759450	-3.620605
08-Oct-20  17:08:55.759500	-3.457031
08-Oct-20  17:08:55.759550	-3.222656
08-Oct-20  17:08:55.759600	-2.917480
08-Oct-20  17:08:55.759650	-2.551270
08-Oct-20  17:08:55.759700	-2.124023
08-Oct-20  17:08:55.759750	-1.652832
08-Oct-20  17:08:55.759800	-1.149902
08-Oct-20  17:08:55.759850	-0.617676
08-Oct-20  17:08:55.759900	-0.070801
08-Oct-20  17:08:55.759950	0.476074
08-Oct-20  17:08:55.760000	1.008301
08-Oct-20  17:08:55.760050	1.520996
08-Oct-20  17:08:55.760100	2.004395
08-Oct-20  17:08:55.760150	2.438965
08-Oct-20  17:08:55.760200	2.819824
08-Oct-20  17:08:55.760250	3.142090
08-Oct-20  17:08:55.760300	3.391113
08-Oct-20  17:08:55.760350	3.566895
08-Oct-20  17:08:55.760400	3.664551
08-Oct-20  17:08:55.760450	3.681641
08-Oct-20  17:08:55.760500	3.620605
08-Oct-20  17:08:55.760550	3.476562
08-Oct-20  17:08:55.760600	3.256836
08-Oct-20  17:08:55.760650	2.971191
08-Oct-20  17:08:55.760700	2.614746
08-Oct-20  17:08:55.760750	2.204590
08-Oct-20  17:08:55.760800	1.740723
08-Oct-20  17:08:55.760850	1.242676
08-Oct-20  17:08:55.760900	0.715332
08-Oct-20  17:08:55.760950	0.173340
08-Oct-20  17:08:55.761000	-0.373535
08-Oct-20  17:08:55.761050	-0.910645
08-Oct-20  17:08:55.761100	-1.433105
08-Oct-20  17:08:55.761150	-1.921387
08-Oct-20  17:08:55.761200	-2.363281
08-Oct-20  17:08:55.761250	-2.758789
08-Oct-20  17:08:55.761300	-3.098145
08-Oct-20  17:08:55.761350	-3.359375
08-Oct-20  17:08:55.761400	-3.557129
08-Oct-20  17:08:55.761450	-3.671875
08-Oct-20  17:08:55.761500	-3.713379
08-Oct-20  17:08:55.761550	-3.669434
08-Oct-20  17:08:55.761600	-3.542480
08-Oct-20  17:08:55.761650	-3.339844
08-Oct-20  17:08:55.761700	-3.068848
08-Oct-20  17:08:55.761750	-2.727051
08-Oct-20  17:08:55.761800	-2.326660
08-Oct-20  17:08:55.761850	-1.875000
08-Oct-20  17:08:55.761900	-1.384277
08-Oct-20  17:08:55.761950	-0.866699
08-Oct-20  17:08:55.762000	-0.324707
08-Oct-20  17:08:55.762050	0.222168
08-Oct-20  17:08:55.762100	0.764160
08-Oct-20  17:08:55.762150	1.291504
08-Oct-20  17:08:55.762200	1.784668
08-Oct-20  17:08:55.762250	2.243652
08-Oct-20  17:08:55.762300	2.648926
08-Oct-20  17:08:55.762350	3.000488
08-Oct-20  17:08:55.762400	3.283691
08-Oct-20  17:08:55.762450	3.493652
08-Oct-20  17:08:55.762500	3.627930
08-Oct-20  17:08:55.762550	3.681641
08-Oct-20  17:08:55.762600	3.657227
08-Oct-20  17:08:55.762650	3.557129
08-Oct-20  17:08:55.762700	3.371582
08-Oct-20  17:08:55.762750	3.112793
08-Oct-20  17:08:55.762800	2.790527
08-Oct-20  17:08:55.762850	2.399902
08-Oct-20  17:08:55.762900	1.960449
08-Oct-20  17:08:55.762950	1.477051
08-Oct-20  17:08:55.763000	0.964355
08-Oct-20  17:08:55.763050	0.427246
08-Oct-20  17:08:55.763100	-0.119629
08-Oct-20  17:08:55.763150	-0.666504
08-Oct-20  17:08:55.763200	-1.193848
08-Oct-20  17:08:55.763250	-1.696777
08-Oct-20  17:08:55.763300	-2.165527
08-Oct-20  17:08:55.763350	-2.585449
08-Oct-20  17:08:55.763400	-2.951660
