t0	08-Oct-20  17:02:52.948567
delta t	1.000000E-5

time	Y
08-Oct-20  17:02:52.948567	0.095215
08-Oct-20  17:02:52.948577	0.095215
08-Oct-20  17:02:52.948587	0.095215
08-Oct-20  17:02:52.948597	0.095215
08-Oct-20  17:02:52.948607	0.095215
08-Oct-20  17:02:52.948617	0.095215
08-Oct-20  17:02:52.948627	0.095215
08-Oct-20  17:02:52.948637	0.095215
08-Oct-20  17:02:52.948647	0.095215
08-Oct-20  17:02:52.948657	0.095215
08-Oct-20  17:02:52.948667	0.095215
08-Oct-20  17:02:52.948677	0.095215
08-Oct-20  17:02:52.948687	0.095215
08-Oct-20  17:02:52.948697	0.095215
08-Oct-20  17:02:52.948707	0.095215
08-Oct-20  17:02:52.948717	0.095215
08-Oct-20  17:02:52.948727	0.095215
08-Oct-20  17:02:52.948737	0.095215
08-Oct-20  17:02:52.948747	0.095215
08-Oct-20  17:02:52.948757	0.095215
08-Oct-20  17:02:52.948767	0.095215
08-Oct-20  17:02:52.948777	0.095215
08-Oct-20  17:02:52.948787	0.095215
08-Oct-20  17:02:52.948797	0.095215
08-Oct-20  17:02:52.948807	0.095215
08-Oct-20  17:02:52.948817	0.095215
08-Oct-20  17:02:52.948827	0.095215
08-Oct-20  17:02:52.948837	0.095215
08-Oct-20  17:02:52.948847	0.095215
08-Oct-20  17:02:52.948857	0.095215
08-Oct-20  17:02:52.948867	0.095215
08-Oct-20  17:02:52.948877	0.095215
08-Oct-20  17:02:52.948887	0.095215
08-Oct-20  17:02:52.948897	0.095215
08-Oct-20  17:02:52.948907	0.095215
08-Oct-20  17:02:52.948917	0.095215
08-Oct-20  17:02:52.948927	0.095215
08-Oct-20  17:02:52.948937	0.095215
08-Oct-20  17:02:52.948947	0.095215
08-Oct-20  17:02:52.948957	0.095215
08-Oct-20  17:02:52.948967	0.095215
08-Oct-20  17:02:52.948977	0.095215
08-Oct-20  17:02:52.948987	0.095215
08-Oct-20  17:02:52.948997	0.097656
08-Oct-20  17:02:52.949007	0.095215
08-Oct-20  17:02:52.949017	0.095215
08-Oct-20  17:02:52.949027	0.095215
08-Oct-20  17:02:52.949037	0.095215
08-Oct-20  17:02:52.949047	0.095215
08-Oct-20  17:02:52.949057	0.095215
08-Oct-20  17:02:52.949067	0.095215
08-Oct-20  17:02:52.949077	0.095215
08-Oct-20  17:02:52.949087	0.095215
08-Oct-20  17:02:52.949097	0.095215
08-Oct-20  17:02:52.949107	0.095215
08-Oct-20  17:02:52.949117	0.095215
08-Oct-20  17:02:52.949127	0.095215
08-Oct-20  17:02:52.949137	-0.012207
08-Oct-20  17:02:52.949147	0.095215
08-Oct-20  17:02:52.949157	0.207520
08-Oct-20  17:02:52.949167	0.314941
08-Oct-20  17:02:52.949177	0.422363
08-Oct-20  17:02:52.949187	0.534668
08-Oct-20  17:02:52.949197	0.642090
08-Oct-20  17:02:52.949207	0.749512
08-Oct-20  17:02:52.949217	0.856934
08-Oct-20  17:02:52.949227	0.959473
08-Oct-20  17:02:52.949237	1.066895
08-Oct-20  17:02:52.949247	1.169434
08-Oct-20  17:02:52.949257	1.271973
08-Oct-20  17:02:52.949267	1.374512
08-Oct-20  17:02:52.949277	1.477051
08-Oct-20  17:02:52.949287	1.574707
08-Oct-20  17:02:52.949297	1.677246
08-Oct-20  17:02:52.949307	1.770020
08-Oct-20  17:02:52.949317	1.867676
08-Oct-20  17:02:52.949327	1.960449
08-Oct-20  17:02:52.949337	2.053223
08-Oct-20  17:02:52.949347	2.141113
08-Oct-20  17:02:52.949357	2.229004
08-Oct-20  17:02:52.949367	2.316895
08-Oct-20  17:02:52.949377	2.399902
08-Oct-20  17:02:52.949387	2.482910
08-Oct-20  17:02:52.949397	2.561035
08-Oct-20  17:02:52.949407	2.639160
08-Oct-20  17:02:52.949417	2.709961
08-Oct-20  17:02:52.949427	2.785645
08-Oct-20  17:02:52.949437	2.858887
08-Oct-20  17:02:52.949447	2.927246
08-Oct-20  17:02:52.949457	2.990723
08-Oct-20  17:02:52.949467	3.054199
08-Oct-20  17:02:52.949477	3.112793
08-Oct-20  17:02:52.949487	3.168945
08-Oct-20  17:02:52.949497	3.225098
08-Oct-20  17:02:52.949507	3.278809
08-Oct-20  17:02:52.949517	3.325195
08-Oct-20  17:02:52.949527	3.369141
08-Oct-20  17:02:52.949537	3.413086
08-Oct-20  17:02:52.949547	3.452148
08-Oct-20  17:02:52.949557	3.488770
08-Oct-20  17:02:52.949567	3.522949
08-Oct-20  17:02:52.949577	3.557129
08-Oct-20  17:02:52.949587	3.581543
08-Oct-20  17:02:52.949597	3.605957
08-Oct-20  17:02:52.949607	3.630371
08-Oct-20  17:02:52.949617	3.642578
08-Oct-20  17:02:52.949627	3.657227
08-Oct-20  17:02:52.949637	3.671875
08-Oct-20  17:02:52.949647	3.679199
08-Oct-20  17:02:52.949657	3.681641
08-Oct-20  17:02:52.949667	3.688965
08-Oct-20  17:02:52.949677	3.684082
08-Oct-20  17:02:52.949687	3.684082
08-Oct-20  17:02:52.949697	3.674316
08-Oct-20  17:02:52.949707	3.662109
08-Oct-20  17:02:52.949717	3.647461
08-Oct-20  17:02:52.949727	3.627930
08-Oct-20  17:02:52.949737	3.608398
08-Oct-20  17:02:52.949747	3.586426
08-Oct-20  17:02:52.949757	3.562012
08-Oct-20  17:02:52.949767	3.527832
08-Oct-20  17:02:52.949777	3.498535
08-Oct-20  17:02:52.949787	3.459473
08-Oct-20  17:02:52.949797	3.420410
08-Oct-20  17:02:52.949807	3.376465
08-Oct-20  17:02:52.949817	3.330078
08-Oct-20  17:02:52.949827	3.283691
08-Oct-20  17:02:52.949837	3.234863
08-Oct-20  17:02:52.949847	3.181152
08-Oct-20  17:02:52.949857	3.122559
08-Oct-20  17:02:52.949867	3.063965
08-Oct-20  17:02:52.949877	3.000488
08-Oct-20  17:02:52.949887	2.937012
08-Oct-20  17:02:52.949897	2.868652
08-Oct-20  17:02:52.949907	2.800293
08-Oct-20  17:02:52.949917	2.727051
08-Oct-20  17:02:52.949927	2.653809
08-Oct-20  17:02:52.949937	2.575684
08-Oct-20  17:02:52.949947	2.492676
08-Oct-20  17:02:52.949957	2.414551
08-Oct-20  17:02:52.949967	2.331543
08-Oct-20  17:02:52.949977	2.243652
08-Oct-20  17:02:52.949987	2.155762
08-Oct-20  17:02:52.949997	2.067871
08-Oct-20  17:02:52.950007	1.975098
08-Oct-20  17:02:52.950017	1.882324
08-Oct-20  17:02:52.950027	1.784668
08-Oct-20  17:02:52.950037	1.691895
08-Oct-20  17:02:52.950047	1.594238
08-Oct-20  17:02:52.950057	1.491699
08-Oct-20  17:02:52.950067	1.394043
08-Oct-20  17:02:52.950077	1.291504
08-Oct-20  17:02:52.950087	1.188965
08-Oct-20  17:02:52.950097	1.081543
08-Oct-20  17:02:52.950107	0.979004
08-Oct-20  17:02:52.950117	0.871582
08-Oct-20  17:02:52.950127	0.764160
08-Oct-20  17:02:52.950137	0.656738
08-Oct-20  17:02:52.950147	0.549316
08-Oct-20  17:02:52.950157	0.441895
08-Oct-20  17:02:52.950167	0.334473
08-Oct-20  17:02:52.950177	0.222168
08-Oct-20  17:02:52.950187	0.114746
08-Oct-20  17:02:52.950197	0.007324
08-Oct-20  17:02:52.950207	-0.104980
08-Oct-20  17:02:52.950217	-0.212402
08-Oct-20  17:02:52.950227	-0.324707
08-Oct-20  17:02:52.950237	-0.432129
08-Oct-20  17:02:52.950247	-0.539551
08-Oct-20  17:02:52.950257	-0.646973
08-Oct-20  17:02:52.950267	-0.754395
08-Oct-20  17:02:52.950277	-0.861816
08-Oct-20  17:02:52.950287	-0.969238
08-Oct-20  17:02:52.950297	-1.076660
08-Oct-20  17:02:52.950307	-1.179199
08-Oct-20  17:02:52.950317	-1.279297
08-Oct-20  17:02:52.950327	-1.384277
08-Oct-20  17:02:52.950337	-1.486816
08-Oct-20  17:02:52.950347	-1.584473
08-Oct-20  17:02:52.950357	-1.682129
08-Oct-20  17:02:52.950367	-1.779785
08-Oct-20  17:02:52.950377	-1.875000
08-Oct-20  17:02:52.950387	-1.970215
08-Oct-20  17:02:52.950397	-2.060547
08-Oct-20  17:02:52.950407	-2.150879
08-Oct-20  17:02:52.950417	-2.238770
08-Oct-20  17:02:52.950427	-2.326660
08-Oct-20  17:02:52.950437	-2.407227
08-Oct-20  17:02:52.950447	-2.490234
08-Oct-20  17:02:52.950457	-2.575684
08-Oct-20  17:02:52.950467	-2.651367
08-Oct-20  17:02:52.950477	-2.724609
08-Oct-20  17:02:52.950487	-2.800293
08-Oct-20  17:02:52.950497	-2.873535
08-Oct-20  17:02:52.950507	-2.939453
08-Oct-20  17:02:52.950517	-3.005371
08-Oct-20  17:02:52.950527	-3.068848
08-Oct-20  17:02:52.950537	-3.125000
08-Oct-20  17:02:52.950547	-3.183594
08-Oct-20  17:02:52.950557	-3.237305
08-Oct-20  17:02:52.950567	-3.291016
08-Oct-20  17:02:52.950577	-3.339844
08-Oct-20  17:02:52.950587	-3.388672
08-Oct-20  17:02:52.950597	-3.427734
08-Oct-20  17:02:52.950607	-3.474121
08-Oct-20  17:02:52.950617	-3.505859
08-Oct-20  17:02:52.950627	-3.542480
08-Oct-20  17:02:52.950637	-3.576660
08-Oct-20  17:02:52.950647	-3.598633
08-Oct-20  17:02:52.950657	-3.623047
08-Oct-20  17:02:52.950667	-3.647461
08-Oct-20  17:02:52.950677	-3.666992
08-Oct-20  17:02:52.950687	-3.681641
08-Oct-20  17:02:52.950697	-3.693848
08-Oct-20  17:02:52.950707	-3.701172
08-Oct-20  17:02:52.950717	-3.706055
08-Oct-20  17:02:52.950727	-3.713379
08-Oct-20  17:02:52.950737	-3.710937
08-Oct-20  17:02:52.950747	-3.708496
08-Oct-20  17:02:52.950757	-3.696289
08-Oct-20  17:02:52.950767	-3.688965
08-Oct-20  17:02:52.950777	-3.671875
08-Oct-20  17:02:52.950787	-3.657227
08-Oct-20  17:02:52.950797	-3.637695
08-Oct-20  17:02:52.950807	-3.613281
08-Oct-20  17:02:52.950817	-3.583984
08-Oct-20  17:02:52.950827	-3.557129
08-Oct-20  17:02:52.950837	-3.525391
08-Oct-20  17:02:52.950847	-3.488770
08-Oct-20  17:02:52.950857	-3.447266
08-Oct-20  17:02:52.950867	-3.410645
08-Oct-20  17:02:52.950877	-3.366699
08-Oct-20  17:02:52.950887	-3.315430
08-Oct-20  17:02:52.950897	-3.264160
08-Oct-20  17:02:52.950907	-3.208008
08-Oct-20  17:02:52.950917	-3.154297
08-Oct-20  17:02:52.950927	-3.098145
08-Oct-20  17:02:52.950937	-3.032227
08-Oct-20  17:02:52.950947	-2.968750
08-Oct-20  17:02:52.950957	-2.902832
08-Oct-20  17:02:52.950967	-2.834473
08-Oct-20  17:02:52.950977	-2.761230
08-Oct-20  17:02:52.950987	-2.685547
08-Oct-20  17:02:52.950997	-2.609863
08-Oct-20  17:02:52.951007	-2.529297
08-Oct-20  17:02:52.951017	-2.448730
08-Oct-20  17:02:52.951027	-2.363281
08-Oct-20  17:02:52.951037	-2.282715
08-Oct-20  17:02:52.951047	-2.194824
08-Oct-20  17:02:52.951057	-2.106934
08-Oct-20  17:02:52.951067	-2.014160
08-Oct-20  17:02:52.951077	-1.918945
08-Oct-20  17:02:52.951087	-1.828613
08-Oct-20  17:02:52.951097	-1.730957
08-Oct-20  17:02:52.951107	-1.633301
08-Oct-20  17:02:52.951117	-1.530762
08-Oct-20  17:02:52.951127	-1.433105
08-Oct-20  17:02:52.951137	-1.330566
08-Oct-20  17:02:52.951147	-1.228027
08-Oct-20  17:02:52.951157	-1.125488
08-Oct-20  17:02:52.951167	-1.018066
08-Oct-20  17:02:52.951177	-0.915527
08-Oct-20  17:02:52.951187	-0.808105
08-Oct-20  17:02:52.951197	-0.700684
08-Oct-20  17:02:52.951207	-0.593262
08-Oct-20  17:02:52.951217	-0.480957
08-Oct-20  17:02:52.951227	-0.373535
08-Oct-20  17:02:52.951237	-0.266113
08-Oct-20  17:02:52.951247	-0.153809
08-Oct-20  17:02:52.951257	-0.046387
08-Oct-20  17:02:52.951267	0.061035
08-Oct-20  17:02:52.951277	0.173340
08-Oct-20  17:02:52.951287	0.280762
08-Oct-20  17:02:52.951297	0.388184
08-Oct-20  17:02:52.951307	0.500488
08-Oct-20  17:02:52.951317	0.607910
08-Oct-20  17:02:52.951327	0.715332
08-Oct-20  17:02:52.951337	0.822754
08-Oct-20  17:02:52.951347	0.930176
08-Oct-20  17:02:52.951357	1.032715
08-Oct-20  17:02:52.951367	1.140137
08-Oct-20  17:02:52.951377	1.242676
08-Oct-20  17:02:52.951387	1.345215
08-Oct-20  17:02:52.951397	1.447754
08-Oct-20  17:02:52.951407	1.545410
08-Oct-20  17:02:52.951417	1.643066
08-Oct-20  17:02:52.951427	1.740723
08-Oct-20  17:02:52.951437	1.838379
08-Oct-20  17:02:52.951447	1.931152
08-Oct-20  17:02:52.951457	2.023926
08-Oct-20  17:02:52.951467	2.111816
08-Oct-20  17:02:52.951477	2.204590
08-Oct-20  17:02:52.951487	2.287598
08-Oct-20  17:02:52.951497	2.375488
08-Oct-20  17:02:52.951507	2.458496
08-Oct-20  17:02:52.951517	2.536621
08-Oct-20  17:02:52.951527	2.614746
08-Oct-20  17:02:52.951537	2.692871
08-Oct-20  17:02:52.951547	2.766113
08-Oct-20  17:02:52.951557	2.834473
08-Oct-20  17:02:52.951567	2.902832
08-Oct-20  17:02:52.951577	2.971191
08-Oct-20  17:02:52.951587	3.034668
08-Oct-20  17:02:52.951597	3.093262
08-Oct-20  17:02:52.951607	3.151855
08-Oct-20  17:02:52.951617	3.210449
08-Oct-20  17:02:52.951627	3.259277
08-Oct-20  17:02:52.951637	3.305664
08-Oct-20  17:02:52.951647	3.354492
08-Oct-20  17:02:52.951657	3.398437
08-Oct-20  17:02:52.951667	3.439941
08-Oct-20  17:02:52.951677	3.479004
08-Oct-20  17:02:52.951687	3.513184
08-Oct-20  17:02:52.951697	3.547363
08-Oct-20  17:02:52.951707	3.576660
08-Oct-20  17:02:52.951717	3.601074
08-Oct-20  17:02:52.951727	3.620605
08-Oct-20  17:02:52.951737	3.640137
08-Oct-20  17:02:52.951747	3.652344
08-Oct-20  17:02:52.951757	3.666992
08-Oct-20  17:02:52.951767	3.676758
08-Oct-20  17:02:52.951777	3.681641
08-Oct-20  17:02:52.951787	3.688965
08-Oct-20  17:02:52.951797	3.686523
08-Oct-20  17:02:52.951807	3.681641
08-Oct-20  17:02:52.951817	3.676758
08-Oct-20  17:02:52.951827	3.662109
08-Oct-20  17:02:52.951837	3.652344
08-Oct-20  17:02:52.951847	3.632812
08-Oct-20  17:02:52.951857	3.615723
08-Oct-20  17:02:52.951867	3.596191
08-Oct-20  17:02:52.951877	3.566895
08-Oct-20  17:02:52.951887	3.537598
08-Oct-20  17:02:52.951897	3.508301
08-Oct-20  17:02:52.951907	3.469238
08-Oct-20  17:02:52.951917	3.435059
08-Oct-20  17:02:52.951927	3.388672
08-Oct-20  17:02:52.951937	3.344727
08-Oct-20  17:02:52.951947	3.295898
08-Oct-20  17:02:52.951957	3.249512
08-Oct-20  17:02:52.951967	3.195801
08-Oct-20  17:02:52.951977	3.139648
08-Oct-20  17:02:52.951987	3.083496
08-Oct-20  17:02:52.951997	3.017578
08-Oct-20  17:02:52.952007	2.956543
08-Oct-20  17:02:52.952017	2.888184
08-Oct-20  17:02:52.952027	2.819824
08-Oct-20  17:02:52.952037	2.751465
08-Oct-20  17:02:52.952047	2.673340
08-Oct-20  17:02:52.952057	2.600098
08-Oct-20  17:02:52.952067	2.521973
08-Oct-20  17:02:52.952077	2.438965
08-Oct-20  17:02:52.952087	2.355957
08-Oct-20  17:02:52.952097	2.272949
08-Oct-20  17:02:52.952107	2.185059
08-Oct-20  17:02:52.952117	2.089844
08-Oct-20  17:02:52.952127	2.004395
08-Oct-20  17:02:52.952137	1.911621
08-Oct-20  17:02:52.952147	1.818848
08-Oct-20  17:02:52.952157	1.721191
08-Oct-20  17:02:52.952167	1.623535
08-Oct-20  17:02:52.952177	1.525879
08-Oct-20  17:02:52.952187	1.423340
08-Oct-20  17:02:52.952197	1.320801
08-Oct-20  17:02:52.952207	1.218262
08-Oct-20  17:02:52.952217	1.115723
08-Oct-20  17:02:52.952227	1.013184
08-Oct-20  17:02:52.952237	0.905762
08-Oct-20  17:02:52.952247	0.798340
08-Oct-20  17:02:52.952257	0.690918
08-Oct-20  17:02:52.952267	0.583496
08-Oct-20  17:02:52.952277	0.476074
08-Oct-20  17:02:52.952287	0.368652
08-Oct-20  17:02:52.952297	0.256348
08-Oct-20  17:02:52.952307	0.148926
08-Oct-20  17:02:52.952317	0.041504
08-Oct-20  17:02:52.952327	-0.070801
08-Oct-20  17:02:52.952337	-0.178223
08-Oct-20  17:02:52.952347	-0.290527
08-Oct-20  17:02:52.952357	-0.397949
08-Oct-20  17:02:52.952367	-0.505371
08-Oct-20  17:02:52.952377	-0.612793
08-Oct-20  17:02:52.952387	-0.720215
08-Oct-20  17:02:52.952397	-0.827637
08-Oct-20  17:02:52.952407	-0.935059
08-Oct-20  17:02:52.952417	-1.042480
08-Oct-20  17:02:52.952427	-1.145020
08-Oct-20  17:02:52.952437	-1.252441
08-Oct-20  17:02:52.952447	-1.354980
08-Oct-20  17:02:52.952457	-1.450195
08-Oct-20  17:02:52.952467	-1.555176
08-Oct-20  17:02:52.952477	-1.652832
08-Oct-20  17:02:52.952487	-1.748047
08-Oct-20  17:02:52.952497	-1.848145
08-Oct-20  17:02:52.952507	-1.940918
08-Oct-20  17:02:52.952517	-2.033691
08-Oct-20  17:02:52.952527	-2.126465
08-Oct-20  17:02:52.952537	-2.211914
08-Oct-20  17:02:52.952547	-2.302246
08-Oct-20  17:02:52.952557	-2.385254
08-Oct-20  17:02:52.952567	-2.468262
08-Oct-20  17:02:52.952577	-2.548828
08-Oct-20  17:02:52.952587	-2.629395
08-Oct-20  17:02:52.952597	-2.702637
08-Oct-20  17:02:52.952607	-2.775879
08-Oct-20  17:02:52.952617	-2.846680
08-Oct-20  17:02:52.952627	-2.917480
08-Oct-20  17:02:52.952637	-2.983398
08-Oct-20  17:02:52.952647	-3.049316
08-Oct-20  17:02:52.952657	-3.107910
08-Oct-20  17:02:52.952667	-3.164062
08-Oct-20  17:02:52.952677	-3.225098
08-Oct-20  17:02:52.952687	-3.276367
08-Oct-20  17:02:52.952697	-3.325195
08-Oct-20  17:02:52.952707	-3.376465
08-Oct-20  17:02:52.952717	-3.420410
08-Oct-20  17:02:52.952727	-3.457031
08-Oct-20  17:02:52.952737	-3.496094
08-Oct-20  17:02:52.952747	-3.532715
08-Oct-20  17:02:52.952757	-3.566895
08-Oct-20  17:02:52.952767	-3.593750
08-Oct-20  17:02:52.952777	-3.618164
08-Oct-20  17:02:52.952787	-3.642578
08-Oct-20  17:02:52.952797	-3.664551
08-Oct-20  17:02:52.952807	-3.676758
08-Oct-20  17:02:52.952817	-3.693848
08-Oct-20  17:02:52.952827	-3.703613
08-Oct-20  17:02:52.952837	-3.706055
08-Oct-20  17:02:52.952847	-3.710937
08-Oct-20  17:02:52.952857	-3.710937
08-Oct-20  17:02:52.952867	-3.708496
08-Oct-20  17:02:52.952877	-3.701172
08-Oct-20  17:02:52.952887	-3.691406
08-Oct-20  17:02:52.952897	-3.676758
08-Oct-20  17:02:52.952907	-3.664551
08-Oct-20  17:02:52.952917	-3.642578
08-Oct-20  17:02:52.952927	-3.618164
08-Oct-20  17:02:52.952937	-3.593750
08-Oct-20  17:02:52.952947	-3.566895
08-Oct-20  17:02:52.952957	-3.535156
08-Oct-20  17:02:52.952967	-3.503418
08-Oct-20  17:02:52.952977	-3.461914
08-Oct-20  17:02:52.952987	-3.425293
08-Oct-20  17:02:52.952997	-3.378906
08-Oct-20  17:02:52.953007	-3.330078
08-Oct-20  17:02:52.953017	-3.281250
08-Oct-20  17:02:52.953027	-3.229980
08-Oct-20  17:02:52.953037	-3.176270
08-Oct-20  17:02:52.953047	-3.115234
08-Oct-20  17:02:52.953057	-3.054199
08-Oct-20  17:02:52.953067	-2.990723
08-Oct-20  17:02:52.953077	-2.927246
08-Oct-20  17:02:52.953087	-2.851562
08-Oct-20  17:02:52.953097	-2.785645
08-Oct-20  17:02:52.953107	-2.709961
08-Oct-20  17:02:52.953117	-2.634277
08-Oct-20  17:02:52.953127	-2.553711
08-Oct-20  17:02:52.953137	-2.478027
08-Oct-20  17:02:52.953147	-2.392578
08-Oct-20  17:02:52.953157	-2.307129
08-Oct-20  17:02:52.953167	-2.221680
08-Oct-20  17:02:52.953177	-2.131348
08-Oct-20  17:02:52.953187	-2.041016
08-Oct-20  17:02:52.953197	-1.950684
08-Oct-20  17:02:52.953207	-1.857910
08-Oct-20  17:02:52.953217	-1.760254
08-Oct-20  17:02:52.953227	-1.662598
08-Oct-20  17:02:52.953237	-1.562500
08-Oct-20  17:02:52.953247	-1.459961
08-Oct-20  17:02:52.953257	-1.364746
08-Oct-20  17:02:52.953267	-1.262207
08-Oct-20  17:02:52.953277	-1.154785
08-Oct-20  17:02:52.953287	-1.052246
08-Oct-20  17:02:52.953297	-0.944824
08-Oct-20  17:02:52.953307	-0.842285
08-Oct-20  17:02:52.953317	-0.734863
08-Oct-20  17:02:52.953327	-0.627441
08-Oct-20  17:02:52.953337	-0.515137
08-Oct-20  17:02:52.953347	-0.407715
08-Oct-20  17:02:52.953357	-0.300293
08-Oct-20  17:02:52.953367	-0.192871
08-Oct-20  17:02:52.953377	-0.080566
08-Oct-20  17:02:52.953387	0.026855
08-Oct-20  17:02:52.953397	0.139160
08-Oct-20  17:02:52.953407	0.246582
08-Oct-20  17:02:52.953417	0.354004
08-Oct-20  17:02:52.953427	0.466309
08-Oct-20  17:02:52.953437	0.573730
08-Oct-20  17:02:52.953447	0.681152
08-Oct-20  17:02:52.953457	0.788574
08-Oct-20  17:02:52.953467	0.895996
08-Oct-20  17:02:52.953477	0.998535
08-Oct-20  17:02:52.953487	1.105957
08-Oct-20  17:02:52.953497	1.208496
08-Oct-20  17:02:52.953507	1.311035
08-Oct-20  17:02:52.953517	1.413574
08-Oct-20  17:02:52.953527	1.516113
08-Oct-20  17:02:52.953537	1.613770
08-Oct-20  17:02:52.953547	1.711426
08-Oct-20  17:02:52.953557	1.809082
08-Oct-20  17:02:52.953567	1.899414
08-Oct-20  17:02:52.953577	1.994629
08-Oct-20  17:02:52.953587	2.087402
08-Oct-20  17:02:52.953597	2.175293
08-Oct-20  17:02:52.953607	2.263184
08-Oct-20  17:02:52.953617	2.346191
08-Oct-20  17:02:52.953627	2.429199
08-Oct-20  17:02:52.953637	2.512207
08-Oct-20  17:02:52.953647	2.590332
08-Oct-20  17:02:52.953657	2.668457
08-Oct-20  17:02:52.953667	2.741699
08-Oct-20  17:02:52.953677	2.814941
08-Oct-20  17:02:52.953687	2.883301
08-Oct-20  17:02:52.953697	2.951660
08-Oct-20  17:02:52.953707	3.015137
08-Oct-20  17:02:52.953717	3.078613
08-Oct-20  17:02:52.953727	3.137207
08-Oct-20  17:02:52.953737	3.188477
08-Oct-20  17:02:52.953747	3.242187
08-Oct-20  17:02:52.953757	3.293457
08-Oct-20  17:02:52.953767	3.342285
08-Oct-20  17:02:52.953777	3.383789
08-Oct-20  17:02:52.953787	3.430176
08-Oct-20  17:02:52.953797	3.469238
08-Oct-20  17:02:52.953807	3.503418
08-Oct-20  17:02:52.953817	3.537598
08-Oct-20  17:02:52.953827	3.566895
08-Oct-20  17:02:52.953837	3.591309
08-Oct-20  17:02:52.953847	3.613281
08-Oct-20  17:02:52.953857	3.632812
08-Oct-20  17:02:52.953867	3.647461
08-Oct-20  17:02:52.953877	3.662109
08-Oct-20  17:02:52.953887	3.671875
08-Oct-20  17:02:52.953897	3.681641
08-Oct-20  17:02:52.953907	3.688965
08-Oct-20  17:02:52.953917	3.688965
08-Oct-20  17:02:52.953927	3.684082
08-Oct-20  17:02:52.953937	3.676758
08-Oct-20  17:02:52.953947	3.666992
08-Oct-20  17:02:52.953957	3.659668
08-Oct-20  17:02:52.953967	3.640137
08-Oct-20  17:02:52.953977	3.623047
08-Oct-20  17:02:52.953987	3.601074
08-Oct-20  17:02:52.953997	3.576660
08-Oct-20  17:02:52.954007	3.547363
08-Oct-20  17:02:52.954017	3.518066
08-Oct-20  17:02:52.954027	3.481445
08-Oct-20  17:02:52.954037	3.444824
08-Oct-20  17:02:52.954047	3.405762
08-Oct-20  17:02:52.954057	3.359375
08-Oct-20  17:02:52.954067	3.310547
08-Oct-20  17:02:52.954077	3.264160
08-Oct-20  17:02:52.954087	3.215332
08-Oct-20  17:02:52.954097	3.156738
08-Oct-20  17:02:52.954107	3.103027
08-Oct-20  17:02:52.954117	3.039551
08-Oct-20  17:02:52.954127	2.976074
08-Oct-20  17:02:52.954137	2.912598
08-Oct-20  17:02:52.954147	2.844238
08-Oct-20  17:02:52.954157	2.770996
08-Oct-20  17:02:52.954167	2.697754
08-Oct-20  17:02:52.954177	2.624512
08-Oct-20  17:02:52.954187	2.546387
08-Oct-20  17:02:52.954197	2.463379
08-Oct-20  17:02:52.954207	2.380371
08-Oct-20  17:02:52.954217	2.297363
08-Oct-20  17:02:52.954227	2.209473
08-Oct-20  17:02:52.954237	2.121582
08-Oct-20  17:02:52.954247	2.033691
08-Oct-20  17:02:52.954257	1.940918
08-Oct-20  17:02:52.954267	1.848145
08-Oct-20  17:02:52.954277	1.750488
08-Oct-20  17:02:52.954287	1.652832
08-Oct-20  17:02:52.954297	1.555176
08-Oct-20  17:02:52.954307	1.455078
08-Oct-20  17:02:52.954317	1.354980
08-Oct-20  17:02:52.954327	1.252441
08-Oct-20  17:02:52.954337	1.149902
08-Oct-20  17:02:52.954347	1.042480
08-Oct-20  17:02:52.954357	0.939941
08-Oct-20  17:02:52.954367	0.832520
08-Oct-20  17:02:52.954377	0.725098
08-Oct-20  17:02:52.954387	0.620117
08-Oct-20  17:02:52.954397	0.510254
08-Oct-20  17:02:52.954407	0.402832
08-Oct-20  17:02:52.954417	0.290527
08-Oct-20  17:02:52.954427	0.183105
08-Oct-20  17:02:52.954437	0.075684
08-Oct-20  17:02:52.954447	-0.036621
08-Oct-20  17:02:52.954457	-0.144043
08-Oct-20  17:02:52.954467	-0.256348
08-Oct-20  17:02:52.954477	-0.363770
08-Oct-20  17:02:52.954487	-0.471191
08-Oct-20  17:02:52.954497	-0.578613
08-Oct-20  17:02:52.954507	-0.690918
08-Oct-20  17:02:52.954517	-0.798340
08-Oct-20  17:02:52.954527	-0.900879
08-Oct-20  17:02:52.954537	-1.008301
08-Oct-20  17:02:52.954547	-1.115723
08-Oct-20  17:02:52.954557	-1.218262
08-Oct-20  17:02:52.954567	-1.320801
08-Oct-20  17:02:52.954577	-1.423340
08-Oct-20  17:02:52.954587	-1.520996
08-Oct-20  17:02:52.954597	-1.623535
08-Oct-20  17:02:52.954607	-1.721191
08-Oct-20  17:02:52.954617	-1.818848
08-Oct-20  17:02:52.954627	-1.909180
08-Oct-20  17:02:52.954637	-2.004395
08-Oct-20  17:02:52.954647	-2.094727
08-Oct-20  17:02:52.954657	-2.185059
08-Oct-20  17:02:52.954667	-2.270508
08-Oct-20  17:02:52.954677	-2.358398
08-Oct-20  17:02:52.954687	-2.443848
08-Oct-20  17:02:52.954697	-2.519531
08-Oct-20  17:02:52.954707	-2.604980
08-Oct-20  17:02:52.954717	-2.675781
08-Oct-20  17:02:52.954727	-2.756348
08-Oct-20  17:02:52.954737	-2.829590
08-Oct-20  17:02:52.954747	-2.897949
08-Oct-20  17:02:52.954757	-2.963867
08-Oct-20  17:02:52.954767	-3.029785
08-Oct-20  17:02:52.954777	-3.093262
08-Oct-20  17:02:52.954787	-3.149414
08-Oct-20  17:02:52.954797	-3.203125
08-Oct-20  17:02:52.954807	-3.259277
08-Oct-20  17:02:52.954817	-3.310547
08-Oct-20  17:02:52.954827	-3.359375
08-Oct-20  17:02:52.954837	-3.403320
08-Oct-20  17:02:52.954847	-3.449707
08-Oct-20  17:02:52.954857	-3.486328
08-Oct-20  17:02:52.954867	-3.522949
08-Oct-20  17:02:52.954877	-3.557129
08-Oct-20  17:02:52.954887	-3.583984
08-Oct-20  17:02:52.954897	-3.608398
08-Oct-20  17:02:52.954907	-3.632812
08-Oct-20  17:02:52.954917	-3.652344
08-Oct-20  17:02:52.954927	-3.674316
08-Oct-20  17:02:52.954937	-3.688965
08-Oct-20  17:02:52.954947	-3.696289
08-Oct-20  17:02:52.954957	-3.706055
08-Oct-20  17:02:52.954967	-3.713379
08-Oct-20  17:02:52.954977	-3.713379
08-Oct-20  17:02:52.954987	-3.706055
08-Oct-20  17:02:52.954997	-3.701172
08-Oct-20  17:02:52.955007	-3.693848
08-Oct-20  17:02:52.955017	-3.681641
08-Oct-20  17:02:52.955027	-3.669434
08-Oct-20  17:02:52.955037	-3.647461
08-Oct-20  17:02:52.955047	-3.630371
08-Oct-20  17:02:52.955057	-3.603516
08-Oct-20  17:02:52.955067	-3.574219
08-Oct-20  17:02:52.955077	-3.547363
08-Oct-20  17:02:52.955087	-3.513184
08-Oct-20  17:02:52.955097	-3.471680
08-Oct-20  17:02:52.955107	-3.432617
08-Oct-20  17:02:52.955117	-3.388672
08-Oct-20  17:02:52.955127	-3.344727
08-Oct-20  17:02:52.955137	-3.295898
08-Oct-20  17:02:52.955147	-3.242187
08-Oct-20  17:02:52.955157	-3.188477
08-Oct-20  17:02:52.955167	-3.129883
08-Oct-20  17:02:52.955177	-3.073730
08-Oct-20  17:02:52.955187	-3.010254
08-Oct-20  17:02:52.955197	-2.946777
08-Oct-20  17:02:52.955207	-2.878418
08-Oct-20  17:02:52.955217	-2.810059
08-Oct-20  17:02:52.955227	-2.736816
08-Oct-20  17:02:52.955237	-2.658691
08-Oct-20  17:02:52.955247	-2.580566
08-Oct-20  17:02:52.955257	-2.500000
08-Oct-20  17:02:52.955267	-2.419434
08-Oct-20  17:02:52.955277	-2.333984
08-Oct-20  17:02:52.955287	-2.248535
08-Oct-20  17:02:52.955297	-2.160645
08-Oct-20  17:02:52.955307	-2.070312
08-Oct-20  17:02:52.955317	-1.979980
08-Oct-20  17:02:52.955327	-1.884766
08-Oct-20  17:02:52.955337	-1.789551
08-Oct-20  17:02:52.955347	-1.691895
08-Oct-20  17:02:52.955357	-1.594238
08-Oct-20  17:02:52.955367	-1.496582
08-Oct-20  17:02:52.955377	-1.394043
08-Oct-20  17:02:52.955387	-1.289062
08-Oct-20  17:02:52.955397	-1.188965
08-Oct-20  17:02:52.955407	-1.086426
08-Oct-20  17:02:52.955417	-0.979004
08-Oct-20  17:02:52.955427	-0.871582
08-Oct-20  17:02:52.955437	-0.769043
08-Oct-20  17:02:52.955447	-0.661621
08-Oct-20  17:02:52.955457	-0.549316
08-Oct-20  17:02:52.955467	-0.441895
08-Oct-20  17:02:52.955477	-0.334473
08-Oct-20  17:02:52.955487	-0.227051
08-Oct-20  17:02:52.955497	-0.114746
08-Oct-20  17:02:52.955507	-0.007324
08-Oct-20  17:02:52.955517	0.104980
08-Oct-20  17:02:52.955527	0.212402
08-Oct-20  17:02:52.955537	0.319824
08-Oct-20  17:02:52.955547	0.432129
08-Oct-20  17:02:52.955557	0.539551
08-Oct-20  17:02:52.955567	0.646973
08-Oct-20  17:02:52.955577	0.754395
08-Oct-20  17:02:52.955587	0.861816
08-Oct-20  17:02:52.955597	0.969238
08-Oct-20  17:02:52.955607	1.071777
08-Oct-20  17:02:52.955617	1.179199
08-Oct-20  17:02:52.955627	1.281738
08-Oct-20  17:02:52.955637	1.384277
08-Oct-20  17:02:52.955647	1.481934
08-Oct-20  17:02:52.955657	1.584473
08-Oct-20  17:02:52.955667	1.682129
08-Oct-20  17:02:52.955677	1.774902
08-Oct-20  17:02:52.955687	1.872559
08-Oct-20  17:02:52.955697	1.965332
08-Oct-20  17:02:52.955707	2.055664
08-Oct-20  17:02:52.955717	2.145996
08-Oct-20  17:02:52.955727	2.233887
08-Oct-20  17:02:52.955737	2.321777
08-Oct-20  17:02:52.955747	2.404785
08-Oct-20  17:02:52.955757	2.487793
08-Oct-20  17:02:52.955767	2.565918
08-Oct-20  17:02:52.955777	2.644043
08-Oct-20  17:02:52.955787	2.717285
08-Oct-20  17:02:52.955797	2.790527
08-Oct-20  17:02:52.955807	2.863770
08-Oct-20  17:02:52.955817	2.927246
08-Oct-20  17:02:52.955827	2.995605
08-Oct-20  17:02:52.955837	3.056641
08-Oct-20  17:02:52.955847	3.117676
08-Oct-20  17:02:52.955857	3.173828
08-Oct-20  17:02:52.955867	3.229980
08-Oct-20  17:02:52.955877	3.278809
08-Oct-20  17:02:52.955887	3.325195
08-Oct-20  17:02:52.955897	3.371582
08-Oct-20  17:02:52.955907	3.413086
08-Oct-20  17:02:52.955917	3.452148
08-Oct-20  17:02:52.955927	3.493652
08-Oct-20  17:02:52.955937	3.527832
08-Oct-20  17:02:52.955947	3.557129
08-Oct-20  17:02:52.955957	3.586426
08-Oct-20  17:02:52.955967	3.605957
08-Oct-20  17:02:52.955977	3.630371
08-Oct-20  17:02:52.955987	3.642578
08-Oct-20  17:02:52.955997	3.657227
08-Oct-20  17:02:52.956007	3.671875
08-Oct-20  17:02:52.956017	3.679199
08-Oct-20  17:02:52.956027	3.681641
08-Oct-20  17:02:52.956037	3.686523
08-Oct-20  17:02:52.956047	3.681641
08-Oct-20  17:02:52.956057	3.679199
08-Oct-20  17:02:52.956067	3.674316
08-Oct-20  17:02:52.956077	3.662109
08-Oct-20  17:02:52.956087	3.647461
08-Oct-20  17:02:52.956097	3.627930
08-Oct-20  17:02:52.956107	3.608398
08-Oct-20  17:02:52.956117	3.586426
08-Oct-20  17:02:52.956127	3.557129
08-Oct-20  17:02:52.956137	3.527832
08-Oct-20  17:02:52.956147	3.493652
08-Oct-20  17:02:52.956157	3.457031
08-Oct-20  17:02:52.956167	3.420410
08-Oct-20  17:02:52.956177	3.374023
08-Oct-20  17:02:52.956187	3.330078
08-Oct-20  17:02:52.956197	3.281250
08-Oct-20  17:02:52.956207	3.227539
08-Oct-20  17:02:52.956217	3.173828
08-Oct-20  17:02:52.956227	3.117676
08-Oct-20  17:02:52.956237	3.056641
08-Oct-20  17:02:52.956247	2.993164
08-Oct-20  17:02:52.956257	2.932129
08-Oct-20  17:02:52.956267	2.863770
08-Oct-20  17:02:52.956277	2.795410
08-Oct-20  17:02:52.956287	2.722168
08-Oct-20  17:02:52.956297	2.648926
08-Oct-20  17:02:52.956307	2.570801
08-Oct-20  17:02:52.956317	2.492676
08-Oct-20  17:02:52.956327	2.409668
08-Oct-20  17:02:52.956337	2.326660
08-Oct-20  17:02:52.956347	2.238770
08-Oct-20  17:02:52.956357	2.150879
08-Oct-20  17:02:52.956367	2.062988
08-Oct-20  17:02:52.956377	1.970215
08-Oct-20  17:02:52.956387	1.877441
08-Oct-20  17:02:52.956397	1.779785
08-Oct-20  17:02:52.956407	1.687012
08-Oct-20  17:02:52.956417	1.584473
08-Oct-20  17:02:52.956427	1.486816
08-Oct-20  17:02:52.956437	1.384277
08-Oct-20  17:02:52.956447	1.286621
08-Oct-20  17:02:52.956457	1.179199
08-Oct-20  17:02:52.956467	1.076660
08-Oct-20  17:02:52.956477	0.974121
08-Oct-20  17:02:52.956487	0.866699
08-Oct-20  17:02:52.956497	0.759277
08-Oct-20  17:02:52.956507	0.651855
08-Oct-20  17:02:52.956517	0.544434
08-Oct-20  17:02:52.956527	0.437012
08-Oct-20  17:02:52.956537	0.324707
08-Oct-20  17:02:52.956547	0.217285
08-Oct-20  17:02:52.956557	0.109863
08-Oct-20  17:02:52.956567	-0.002441
08-Oct-20  17:02:52.956577	-0.109863
08-Oct-20  17:02:52.956587	-0.222168
08-Oct-20  17:02:52.956597	-0.329590
08-Oct-20  17:02:52.956607	-0.437012
08-Oct-20  17:02:52.956617	-0.549316
08-Oct-20  17:02:52.956627	-0.656738
08-Oct-20  17:02:52.956637	-0.764160
08-Oct-20  17:02:52.956647	-0.871582
08-Oct-20  17:02:52.956657	-0.974121
08-Oct-20  17:02:52.956667	-1.081543
08-Oct-20  17:02:52.956677	-1.184082
08-Oct-20  17:02:52.956687	-1.286621
08-Oct-20  17:02:52.956697	-1.389160
08-Oct-20  17:02:52.956707	-1.491699
08-Oct-20  17:02:52.956717	-1.589355
08-Oct-20  17:02:52.956727	-1.691895
08-Oct-20  17:02:52.956737	-1.782227
08-Oct-20  17:02:52.956747	-1.882324
08-Oct-20  17:02:52.956757	-1.975098
08-Oct-20  17:02:52.956767	-2.065430
08-Oct-20  17:02:52.956777	-2.155762
08-Oct-20  17:02:52.956787	-2.243652
08-Oct-20  17:02:52.956797	-2.331543
08-Oct-20  17:02:52.956807	-2.412109
08-Oct-20  17:02:52.956817	-2.495117
08-Oct-20  17:02:52.956827	-2.580566
08-Oct-20  17:02:52.956837	-2.658691
08-Oct-20  17:02:52.956847	-2.731934
08-Oct-20  17:02:52.956857	-2.805176
08-Oct-20  17:02:52.956867	-2.871094
08-Oct-20  17:02:52.956877	-2.941895
08-Oct-20  17:02:52.956887	-3.007812
08-Oct-20  17:02:52.956897	-3.073730
08-Oct-20  17:02:52.956907	-3.129883
08-Oct-20  17:02:52.956917	-3.188477
08-Oct-20  17:02:52.956927	-3.242187
08-Oct-20  17:02:52.956937	-3.295898
08-Oct-20  17:02:52.956947	-3.344727
08-Oct-20  17:02:52.956957	-3.388672
08-Oct-20  17:02:52.956967	-3.432617
08-Oct-20  17:02:52.956977	-3.471680
08-Oct-20  17:02:52.956987	-3.513184
08-Oct-20  17:02:52.956997	-3.544922
08-Oct-20  17:02:52.957007	-3.576660
08-Oct-20  17:02:52.957017	-3.603516
08-Oct-20  17:02:52.957027	-3.627930
08-Oct-20  17:02:52.957037	-3.647461
08-Oct-20  17:02:52.957047	-3.666992
08-Oct-20  17:02:52.957057	-3.681641
08-Oct-20  17:02:52.957067	-3.693848
08-Oct-20  17:02:52.957077	-3.703613
08-Oct-20  17:02:52.957087	-3.706055
08-Oct-20  17:02:52.957097	-3.713379
08-Oct-20  17:02:52.957107	-3.713379
08-Oct-20  17:02:52.957117	-3.708496
08-Oct-20  17:02:52.957127	-3.696289
08-Oct-20  17:02:52.957137	-3.686523
08-Oct-20  17:02:52.957147	-3.674316
08-Oct-20  17:02:52.957157	-3.657227
08-Oct-20  17:02:52.957167	-3.632812
08-Oct-20  17:02:52.957177	-3.613281
08-Oct-20  17:02:52.957187	-3.583984
08-Oct-20  17:02:52.957197	-3.557129
08-Oct-20  17:02:52.957207	-3.520508
08-Oct-20  17:02:52.957217	-3.488770
08-Oct-20  17:02:52.957227	-3.447266
08-Oct-20  17:02:52.957237	-3.403320
08-Oct-20  17:02:52.957247	-3.359375
08-Oct-20  17:02:52.957257	-3.310547
08-Oct-20  17:02:52.957267	-3.264160
08-Oct-20  17:02:52.957277	-3.208008
08-Oct-20  17:02:52.957287	-3.149414
08-Oct-20  17:02:52.957297	-3.093262
08-Oct-20  17:02:52.957307	-3.027344
08-Oct-20  17:02:52.957317	-2.966309
08-Oct-20  17:02:52.957327	-2.897949
08-Oct-20  17:02:52.957337	-2.829590
08-Oct-20  17:02:52.957347	-2.756348
08-Oct-20  17:02:52.957357	-2.683105
08-Oct-20  17:02:52.957367	-2.604980
08-Oct-20  17:02:52.957377	-2.526855
08-Oct-20  17:02:52.957387	-2.443848
08-Oct-20  17:02:52.957397	-2.358398
08-Oct-20  17:02:52.957407	-2.277832
08-Oct-20  17:02:52.957417	-2.187500
08-Oct-20  17:02:52.957427	-2.102051
08-Oct-20  17:02:52.957437	-2.009277
08-Oct-20  17:02:52.957447	-1.914062
08-Oct-20  17:02:52.957457	-1.818848
08-Oct-20  17:02:52.957467	-1.726074
08-Oct-20  17:02:52.957477	-1.628418
08-Oct-20  17:02:52.957487	-1.525879
08-Oct-20  17:02:52.957497	-1.428223
08-Oct-20  17:02:52.957507	-1.325684
08-Oct-20  17:02:52.957517	-1.223145
08-Oct-20  17:02:52.957527	-1.115723
08-Oct-20  17:02:52.957537	-1.013184
08-Oct-20  17:02:52.957547	-0.905762
08-Oct-20  17:02:52.957557	-0.798340
08-Oct-20  17:02:52.957567	-0.695801
08-Oct-20  17:02:52.957577	-0.583496
08-Oct-20  17:02:52.957587	-0.476074
08-Oct-20  17:02:52.957597	-0.368652
08-Oct-20  17:02:52.957607	-0.261230
08-Oct-20  17:02:52.957617	-0.148926
08-Oct-20  17:02:52.957627	-0.041504
08-Oct-20  17:02:52.957637	0.070801
08-Oct-20  17:02:52.957647	0.178223
08-Oct-20  17:02:52.957657	0.285645
08-Oct-20  17:02:52.957667	0.397949
08-Oct-20  17:02:52.957677	0.505371
08-Oct-20  17:02:52.957687	0.612793
08-Oct-20  17:02:52.957697	0.720215
08-Oct-20  17:02:52.957707	0.827637
08-Oct-20  17:02:52.957717	0.935059
08-Oct-20  17:02:52.957727	1.037598
08-Oct-20  17:02:52.957737	1.145020
08-Oct-20  17:02:52.957747	1.247559
08-Oct-20  17:02:52.957757	1.350098
08-Oct-20  17:02:52.957767	1.452637
08-Oct-20  17:02:52.957777	1.550293
08-Oct-20  17:02:52.957787	1.647949
08-Oct-20  17:02:52.957797	1.745605
08-Oct-20  17:02:52.957807	1.843262
08-Oct-20  17:02:52.957817	1.936035
08-Oct-20  17:02:52.957827	2.028809
08-Oct-20  17:02:52.957837	2.114258
08-Oct-20  17:02:52.957847	2.209473
08-Oct-20  17:02:52.957857	2.292480
08-Oct-20  17:02:52.957867	2.377930
08-Oct-20  17:02:52.957877	2.463379
08-Oct-20  17:02:52.957887	2.541504
08-Oct-20  17:02:52.957897	2.619629
08-Oct-20  17:02:52.957907	2.695312
08-Oct-20  17:02:52.957917	2.770996
08-Oct-20  17:02:52.957927	2.839355
08-Oct-20  17:02:52.957937	2.907715
08-Oct-20  17:02:52.957947	2.976074
08-Oct-20  17:02:52.957957	3.039551
08-Oct-20  17:02:52.957967	3.098145
08-Oct-20  17:02:52.957977	3.154297
08-Oct-20  17:02:52.957987	3.208008
08-Oct-20  17:02:52.957997	3.264160
08-Oct-20  17:02:52.958007	3.310547
08-Oct-20  17:02:52.958017	3.359375
08-Oct-20  17:02:52.958027	3.403320
08-Oct-20  17:02:52.958037	3.444824
08-Oct-20  17:02:52.958047	3.483887
08-Oct-20  17:02:52.958057	3.518066
08-Oct-20  17:02:52.958067	3.547363
08-Oct-20  17:02:52.958077	3.576660
08-Oct-20  17:02:52.958087	3.601074
08-Oct-20  17:02:52.958097	3.618164
08-Oct-20  17:02:52.958107	3.637695
08-Oct-20  17:02:52.958117	3.657227
08-Oct-20  17:02:52.958127	3.669434
08-Oct-20  17:02:52.958137	3.676758
08-Oct-20  17:02:52.958147	3.681641
08-Oct-20  17:02:52.958157	3.688965
08-Oct-20  17:02:52.958167	3.688965
08-Oct-20  17:02:52.958177	3.681641
08-Oct-20  17:02:52.958187	3.671875
08-Oct-20  17:02:52.958197	3.662109
08-Oct-20  17:02:52.958207	3.652344
08-Oct-20  17:02:52.958217	3.632812
08-Oct-20  17:02:52.958227	3.613281
08-Oct-20  17:02:52.958237	3.591309
08-Oct-20  17:02:52.958247	3.566895
08-Oct-20  17:02:52.958257	3.537598
08-Oct-20  17:02:52.958267	3.503418
08-Oct-20  17:02:52.958277	3.466797
08-Oct-20  17:02:52.958287	3.430176
08-Oct-20  17:02:52.958297	3.391113
08-Oct-20  17:02:52.958307	3.344727
08-Oct-20  17:02:52.958317	3.295898
08-Oct-20  17:02:52.958327	3.244629
08-Oct-20  17:02:52.958337	3.193359
08-Oct-20  17:02:52.958347	3.137207
08-Oct-20  17:02:52.958357	3.078613
08-Oct-20  17:02:52.958367	3.012695
08-Oct-20  17:02:52.958377	2.951660
08-Oct-20  17:02:52.958387	2.885742
08-Oct-20  17:02:52.958397	2.814941
08-Oct-20  17:02:52.958407	2.746582
08-Oct-20  17:02:52.958417	2.673340
08-Oct-20  17:02:52.958427	2.595215
08-Oct-20  17:02:52.958437	2.517090
08-Oct-20  17:02:52.958447	2.434082
08-Oct-20  17:02:52.958457	2.351074
08-Oct-20  17:02:52.958467	2.268066
08-Oct-20  17:02:52.958477	2.180176
08-Oct-20  17:02:52.958487	2.087402
08-Oct-20  17:02:52.958497	1.999512
08-Oct-20  17:02:52.958507	1.906738
08-Oct-20  17:02:52.958517	1.809082
08-Oct-20  17:02:52.958527	1.716309
08-Oct-20  17:02:52.958537	1.618652
08-Oct-20  17:02:52.958547	1.520996
08-Oct-20  17:02:52.958557	1.418457
08-Oct-20  17:02:52.958567	1.315918
08-Oct-20  17:02:52.958577	1.213379
08-Oct-20  17:02:52.958587	1.110840
08-Oct-20  17:02:52.958597	1.003418
08-Oct-20  17:02:52.958607	0.900879
08-Oct-20  17:02:52.958617	0.793457
08-Oct-20  17:02:52.958627	0.686035
08-Oct-20  17:02:52.958637	0.578613
08-Oct-20  17:02:52.958647	0.471191
08-Oct-20  17:02:52.958657	0.358887
08-Oct-20  17:02:52.958667	0.251465
08-Oct-20  17:02:52.958677	0.144043
08-Oct-20  17:02:52.958687	0.031738
08-Oct-20  17:02:52.958697	-0.075684
08-Oct-20  17:02:52.958707	-0.187988
08-Oct-20  17:02:52.958717	-0.295410
08-Oct-20  17:02:52.958727	-0.402832
08-Oct-20  17:02:52.958737	-0.515137
08-Oct-20  17:02:52.958747	-0.622559
08-Oct-20  17:02:52.958757	-0.729980
08-Oct-20  17:02:52.958767	-0.837402
08-Oct-20  17:02:52.958777	-0.939941
08-Oct-20  17:02:52.958787	-1.047363
08-Oct-20  17:02:52.958797	-1.154785
08-Oct-20  17:02:52.958807	-1.257324
08-Oct-20  17:02:52.958817	-1.359863
08-Oct-20  17:02:52.958827	-1.459961
08-Oct-20  17:02:52.958837	-1.560059
08-Oct-20  17:02:52.958847	-1.657715
08-Oct-20  17:02:52.958857	-1.755371
08-Oct-20  17:02:52.958867	-1.853027
08-Oct-20  17:02:52.958877	-1.945801
08-Oct-20  17:02:52.958887	-2.036133
08-Oct-20  17:02:52.958897	-2.131348
08-Oct-20  17:02:52.958907	-2.216797
08-Oct-20  17:02:52.958917	-2.307129
08-Oct-20  17:02:52.958927	-2.387695
08-Oct-20  17:02:52.958937	-2.473145
08-Oct-20  17:02:52.958947	-2.548828
08-Oct-20  17:02:52.958957	-2.634277
08-Oct-20  17:02:52.958967	-2.707520
08-Oct-20  17:02:52.958977	-2.780762
08-Oct-20  17:02:52.958987	-2.854004
08-Oct-20  17:02:52.958997	-2.922363
08-Oct-20  17:02:52.959007	-2.990723
08-Oct-20  17:02:52.959017	-3.054199
08-Oct-20  17:02:52.959027	-3.110352
08-Oct-20  17:02:52.959037	-3.168945
08-Oct-20  17:02:52.959047	-3.225098
08-Oct-20  17:02:52.959057	-3.276367
08-Oct-20  17:02:52.959067	-3.330078
08-Oct-20  17:02:52.959077	-3.374023
08-Oct-20  17:02:52.959087	-3.420410
08-Oct-20  17:02:52.959097	-3.464355
08-Oct-20  17:02:52.959107	-3.496094
08-Oct-20  17:02:52.959117	-3.537598
08-Oct-20  17:02:52.959127	-3.566895
08-Oct-20  17:02:52.959137	-3.593750
08-Oct-20  17:02:52.959147	-3.618164
08-Oct-20  17:02:52.959157	-3.642578
08-Oct-20  17:02:52.959167	-3.662109
08-Oct-20  17:02:52.959177	-3.676758
08-Oct-20  17:02:52.959187	-3.693848
08-Oct-20  17:02:52.959197	-3.701172
08-Oct-20  17:02:52.959207	-3.706055
08-Oct-20  17:02:52.959217	-3.713379
08-Oct-20  17:02:52.959227	-3.710937
08-Oct-20  17:02:52.959237	-3.706055
08-Oct-20  17:02:52.959247	-3.703613
08-Oct-20  17:02:52.959257	-3.693848
08-Oct-20  17:02:52.959267	-3.679199
08-Oct-20  17:02:52.959277	-3.662109
08-Oct-20  17:02:52.959287	-3.642578
08-Oct-20  17:02:52.959297	-3.618164
08-Oct-20  17:02:52.959307	-3.593750
08-Oct-20  17:02:52.959317	-3.566895
08-Oct-20  17:02:52.959327	-3.532715
08-Oct-20  17:02:52.959337	-3.496094
08-Oct-20  17:02:52.959347	-3.457031
08-Oct-20  17:02:52.959357	-3.417969
08-Oct-20  17:02:52.959367	-3.376465
08-Oct-20  17:02:52.959377	-3.325195
08-Oct-20  17:02:52.959387	-3.276367
08-Oct-20  17:02:52.959397	-3.222656
08-Oct-20  17:02:52.959407	-3.168945
08-Oct-20  17:02:52.959417	-3.112793
08-Oct-20  17:02:52.959427	-3.049316
08-Oct-20  17:02:52.959437	-2.985840
08-Oct-20  17:02:52.959447	-2.922363
08-Oct-20  17:02:52.959457	-2.854004
08-Oct-20  17:02:52.959467	-2.780762
08-Oct-20  17:02:52.959477	-2.705078
08-Oct-20  17:02:52.959487	-2.629395
08-Oct-20  17:02:52.959497	-2.551270
08-Oct-20  17:02:52.959507	-2.473145
