t0	08-Oct-20  17:50:05.308247
delta t	0.000100

time	Y
08-Oct-20  17:50:05.308247	3.688965
08-Oct-20  17:50:05.308347	3.688965
08-Oct-20  17:50:05.308447	3.688965
08-Oct-20  17:50:05.308547	3.688965
08-Oct-20  17:50:05.308647	3.688965
08-Oct-20  17:50:05.308747	3.688965
08-Oct-20  17:50:05.308847	-0.012207
08-Oct-20  17:50:05.308947	0.334473
08-Oct-20  17:50:05.309047	0.686035
08-Oct-20  17:50:05.309147	1.032715
08-Oct-20  17:50:05.309247	1.384277
08-Oct-20  17:50:05.309347	1.730957
08-Oct-20  17:50:05.309447	2.077637
08-Oct-20  17:50:05.309547	2.429199
08-Oct-20  17:50:05.309647	2.775879
08-Oct-20  17:50:05.309747	3.122559
08-Oct-20  17:50:05.309847	3.474121
08-Oct-20  17:50:05.309947	-3.576660
08-Oct-20  17:50:05.310047	-3.229980
08-Oct-20  17:50:05.310147	-2.883301
08-Oct-20  17:50:05.310247	-2.529297
08-Oct-20  17:50:05.310347	-2.182617
08-Oct-20  17:50:05.310447	-1.833496
08-Oct-20  17:50:05.310547	-1.486816
08-Oct-20  17:50:05.310647	-1.140137
08-Oct-20  17:50:05.310747	-0.786133
08-Oct-20  17:50:05.310847	-0.441895
08-Oct-20  17:50:05.310947	-0.095215
08-Oct-20  17:50:05.311047	0.256348
08-Oct-20  17:50:05.311147	0.603027
08-Oct-20  17:50:05.311247	0.954590
08-Oct-20  17:50:05.311347	1.301270
08-Oct-20  17:50:05.311447	1.647949
08-Oct-20  17:50:05.311547	1.999512
08-Oct-20  17:50:05.311647	2.346191
08-Oct-20  17:50:05.311747	2.697754
08-Oct-20  17:50:05.311847	3.044434
08-Oct-20  17:50:05.311947	3.391113
08-Oct-20  17:50:05.312047	-3.657227
08-Oct-20  17:50:05.312147	-3.305664
08-Oct-20  17:50:05.312247	-2.961426
08-Oct-20  17:50:05.312347	-2.614746
08-Oct-20  17:50:05.312447	-2.263184
08-Oct-20  17:50:05.312547	-1.914062
08-Oct-20  17:50:05.312647	-1.569824
08-Oct-20  17:50:05.312747	-1.218262
08-Oct-20  17:50:05.312847	-0.871582
08-Oct-20  17:50:05.312947	-0.520020
08-Oct-20  17:50:05.313047	-0.173340
08-Oct-20  17:50:05.313147	0.173340
08-Oct-20  17:50:05.313247	0.524902
08-Oct-20  17:50:05.313347	0.871582
08-Oct-20  17:50:05.313447	1.218262
08-Oct-20  17:50:05.313547	1.569824
08-Oct-20  17:50:05.313647	1.916504
08-Oct-20  17:50:05.313747	2.268066
08-Oct-20  17:50:05.313847	2.614746
08-Oct-20  17:50:05.313947	2.961426
08-Oct-20  17:50:05.314047	3.312988
08-Oct-20  17:50:05.314147	3.659668
08-Oct-20  17:50:05.314247	-3.388672
08-Oct-20  17:50:05.314347	-3.044434
08-Oct-20  17:50:05.314447	-2.690430
08-Oct-20  17:50:05.314547	-2.343750
08-Oct-20  17:50:05.314647	-1.992187
08-Oct-20  17:50:05.314747	-1.647949
08-Oct-20  17:50:05.314847	-1.301270
08-Oct-20  17:50:05.314947	-0.949707
08-Oct-20  17:50:05.315047	-0.603027
08-Oct-20  17:50:05.315147	-0.256348
08-Oct-20  17:50:05.315247	0.095215
08-Oct-20  17:50:05.315347	0.441895
08-Oct-20  17:50:05.315447	0.793457
08-Oct-20  17:50:05.315547	1.140137
08-Oct-20  17:50:05.315647	1.486816
08-Oct-20  17:50:05.315747	1.838379
08-Oct-20  17:50:05.315847	2.185059
08-Oct-20  17:50:05.315947	2.531738
08-Oct-20  17:50:05.316047	2.883301
08-Oct-20  17:50:05.316147	3.229980
08-Oct-20  17:50:05.316247	3.581543
08-Oct-20  17:50:05.316347	-3.471680
08-Oct-20  17:50:05.316447	-3.120117
08-Oct-20  17:50:05.316547	-2.775879
08-Oct-20  17:50:05.316647	-2.421875
08-Oct-20  17:50:05.316747	-2.075195
08-Oct-20  17:50:05.316847	-1.730957
08-Oct-20  17:50:05.316947	-1.379395
08-Oct-20  17:50:05.317047	-1.032715
08-Oct-20  17:50:05.317147	-0.681152
08-Oct-20  17:50:05.317247	-0.334473
08-Oct-20  17:50:05.317347	0.012207
08-Oct-20  17:50:05.317447	0.363770
08-Oct-20  17:50:05.317547	0.710449
08-Oct-20  17:50:05.317647	1.057129
08-Oct-20  17:50:05.317747	1.408691
08-Oct-20  17:50:05.317847	1.755371
08-Oct-20  17:50:05.317947	2.106934
08-Oct-20  17:50:05.318047	2.453613
08-Oct-20  17:50:05.318147	2.800293
08-Oct-20  17:50:05.318247	3.151855
08-Oct-20  17:50:05.318347	3.498535
08-Oct-20  17:50:05.318447	-3.552246
08-Oct-20  17:50:05.318547	-3.205566
08-Oct-20  17:50:05.318647	-2.854004
08-Oct-20  17:50:05.318747	-2.504883
08-Oct-20  17:50:05.318847	-2.160645
08-Oct-20  17:50:05.318947	-1.809082
08-Oct-20  17:50:05.319047	-1.462402
08-Oct-20  17:50:05.319147	-1.110840
08-Oct-20  17:50:05.319247	-0.764160
08-Oct-20  17:50:05.319347	-0.417480
08-Oct-20  17:50:05.319447	-0.065918
08-Oct-20  17:50:05.319547	0.280762
08-Oct-20  17:50:05.319647	0.632324
08-Oct-20  17:50:05.319747	0.979004
08-Oct-20  17:50:05.319847	1.325684
08-Oct-20  17:50:05.319947	1.677246
08-Oct-20  17:50:05.320047	2.023926
08-Oct-20  17:50:05.320147	2.370605
08-Oct-20  17:50:05.320247	2.722168
08-Oct-20  17:50:05.320347	3.068848
08-Oct-20  17:50:05.320447	3.420410
08-Oct-20  17:50:05.320547	-3.632812
08-Oct-20  17:50:05.320647	-3.281250
08-Oct-20  17:50:05.320747	-2.937012
08-Oct-20  17:50:05.320847	-2.585449
08-Oct-20  17:50:05.320947	-2.236328
08-Oct-20  17:50:05.321047	-1.889648
08-Oct-20  17:50:05.321147	-1.540527
08-Oct-20  17:50:05.321247	-1.193848
08-Oct-20  17:50:05.321347	-0.842285
08-Oct-20  17:50:05.321447	-0.495605
08-Oct-20  17:50:05.321547	-0.148926
08-Oct-20  17:50:05.321647	0.202637
08-Oct-20  17:50:05.321747	0.549316
08-Oct-20  17:50:05.321847	0.895996
08-Oct-20  17:50:05.321947	1.247559
08-Oct-20  17:50:05.322047	1.594238
08-Oct-20  17:50:05.322147	1.945801
08-Oct-20  17:50:05.322247	2.292480
08-Oct-20  17:50:05.322347	2.639160
08-Oct-20  17:50:05.322447	2.990723
08-Oct-20  17:50:05.322547	3.334961
08-Oct-20  17:50:05.322647	3.684082
08-Oct-20  17:50:05.322747	-3.364258
08-Oct-20  17:50:05.322847	-3.015137
08-Oct-20  17:50:05.322947	-2.668457
08-Oct-20  17:50:05.323047	-2.321777
08-Oct-20  17:50:05.323147	-1.970215
08-Oct-20  17:50:05.323247	-1.623535
08-Oct-20  17:50:05.323347	-1.271973
08-Oct-20  17:50:05.323447	-0.925293
08-Oct-20  17:50:05.323547	-0.578613
08-Oct-20  17:50:05.323647	-0.227051
08-Oct-20  17:50:05.323747	0.119629
08-Oct-20  17:50:05.323847	0.471191
08-Oct-20  17:50:05.323947	0.817871
08-Oct-20  17:50:05.324047	1.164551
08-Oct-20  17:50:05.324147	1.516113
08-Oct-20  17:50:05.324247	1.862793
08-Oct-20  17:50:05.324347	2.209473
08-Oct-20  17:50:05.324447	2.561035
08-Oct-20  17:50:05.324547	2.907715
08-Oct-20  17:50:05.324647	3.259277
08-Oct-20  17:50:05.324747	3.605957
08-Oct-20  17:50:05.324847	-3.442383
08-Oct-20  17:50:05.324947	-3.098145
08-Oct-20  17:50:05.325047	-2.746582
08-Oct-20  17:50:05.325147	-2.399902
08-Oct-20  17:50:05.325247	-2.050781
08-Oct-20  17:50:05.325347	-1.701660
08-Oct-20  17:50:05.325447	-1.354980
08-Oct-20  17:50:05.325547	-1.008301
08-Oct-20  17:50:05.325647	-0.656738
08-Oct-20  17:50:05.325747	-0.310059
08-Oct-20  17:50:05.325847	0.041504
08-Oct-20  17:50:05.325947	0.388184
08-Oct-20  17:50:05.326047	0.734863
08-Oct-20  17:50:05.326147	1.086426
08-Oct-20  17:50:05.326247	1.433105
08-Oct-20  17:50:05.326347	1.784668
08-Oct-20  17:50:05.326447	2.131348
08-Oct-20  17:50:05.326547	2.478027
08-Oct-20  17:50:05.326647	2.829590
08-Oct-20  17:50:05.326747	3.176270
08-Oct-20  17:50:05.326847	3.522949
08-Oct-20  17:50:05.326947	-3.525391
08-Oct-20  17:50:05.327047	-3.173828
08-Oct-20  17:50:05.327147	-2.829590
08-Oct-20  17:50:05.327247	-2.482910
08-Oct-20  17:50:05.327347	-2.128906
08-Oct-20  17:50:05.327447	-1.784668
08-Oct-20  17:50:05.327547	-1.430664
08-Oct-20  17:50:05.327647	-1.086426
08-Oct-20  17:50:05.327747	-0.739746
08-Oct-20  17:50:05.327847	-0.388184
08-Oct-20  17:50:05.327947	-0.041504
08-Oct-20  17:50:05.328047	0.305176
08-Oct-20  17:50:05.328147	0.656738
08-Oct-20  17:50:05.328247	1.003418
08-Oct-20  17:50:05.328347	1.354980
08-Oct-20  17:50:05.328447	1.701660
08-Oct-20  17:50:05.328547	2.048340
08-Oct-20  17:50:05.328647	2.399902
08-Oct-20  17:50:05.328747	2.746582
08-Oct-20  17:50:05.328847	3.098145
08-Oct-20  17:50:05.328947	3.444824
08-Oct-20  17:50:05.329047	-3.603516
08-Oct-20  17:50:05.329147	-3.259277
08-Oct-20  17:50:05.329247	-2.907715
08-Oct-20  17:50:05.329347	-2.561035
08-Oct-20  17:50:05.329447	-2.211914
08-Oct-20  17:50:05.329547	-1.862793
08-Oct-20  17:50:05.329647	-1.516113
08-Oct-20  17:50:05.329747	-1.169434
08-Oct-20  17:50:05.329847	-0.817871
08-Oct-20  17:50:05.329947	-0.471191
08-Oct-20  17:50:05.330047	-0.119629
08-Oct-20  17:50:05.330147	0.227051
08-Oct-20  17:50:05.330247	0.573730
08-Oct-20  17:50:05.330347	0.925293
08-Oct-20  17:50:05.330447	1.271973
08-Oct-20  17:50:05.330547	1.618652
08-Oct-20  17:50:05.330647	1.970215
08-Oct-20  17:50:05.330747	2.316895
08-Oct-20  17:50:05.330847	2.668457
08-Oct-20  17:50:05.330947	3.015137
08-Oct-20  17:50:05.331047	3.361816
08-Oct-20  17:50:05.331147	-3.686523
08-Oct-20  17:50:05.331247	-3.337402
08-Oct-20  17:50:05.331347	-2.988281
08-Oct-20  17:50:05.331447	-2.644043
08-Oct-20  17:50:05.331547	-2.292480
08-Oct-20  17:50:05.331647	-1.945801
08-Oct-20  17:50:05.331747	-1.591797
08-Oct-20  17:50:05.331847	-1.247559
08-Oct-20  17:50:05.331947	-0.900879
08-Oct-20  17:50:05.332047	-0.549316
08-Oct-20  17:50:05.332147	-0.202637
08-Oct-20  17:50:05.332247	0.144043
08-Oct-20  17:50:05.332347	0.495605
08-Oct-20  17:50:05.332447	0.842285
08-Oct-20  17:50:05.332547	1.193848
08-Oct-20  17:50:05.332647	1.540527
08-Oct-20  17:50:05.332747	1.887207
08-Oct-20  17:50:05.332847	2.238770
08-Oct-20  17:50:05.332947	2.585449
08-Oct-20  17:50:05.333047	2.932129
08-Oct-20  17:50:05.333147	3.283691
08-Oct-20  17:50:05.333247	3.630371
08-Oct-20  17:50:05.333347	-3.417969
08-Oct-20  17:50:05.333447	-3.073730
08-Oct-20  17:50:05.333547	-2.722168
08-Oct-20  17:50:05.333647	-2.373047
08-Oct-20  17:50:05.333747	-2.021484
08-Oct-20  17:50:05.333847	-1.677246
08-Oct-20  17:50:05.333947	-1.330566
08-Oct-20  17:50:05.334047	-0.979004
08-Oct-20  17:50:05.334147	-0.632324
08-Oct-20  17:50:05.334247	-0.280762
08-Oct-20  17:50:05.334347	0.065918
08-Oct-20  17:50:05.334447	0.412598
08-Oct-20  17:50:05.334547	0.764160
08-Oct-20  17:50:05.334647	1.110840
08-Oct-20  17:50:05.334747	1.457520
08-Oct-20  17:50:05.334847	1.809082
08-Oct-20  17:50:05.334947	2.155762
08-Oct-20  17:50:05.335047	2.507324
08-Oct-20  17:50:05.335147	2.854004
08-Oct-20  17:50:05.335247	3.200684
08-Oct-20  17:50:05.335347	3.552246
08-Oct-20  17:50:05.335447	-3.496094
08-Oct-20  17:50:05.335547	-3.149414
08-Oct-20  17:50:05.335647	-2.805176
08-Oct-20  17:50:05.335747	-2.453613
08-Oct-20  17:50:05.335847	-2.106934
08-Oct-20  17:50:05.335947	-1.757812
08-Oct-20  17:50:05.336047	-1.408691
08-Oct-20  17:50:05.336147	-1.062012
08-Oct-20  17:50:05.336247	-0.710449
08-Oct-20  17:50:05.336347	-0.363770
08-Oct-20  17:50:05.336447	-0.017090
08-Oct-20  17:50:05.336547	0.334473
08-Oct-20  17:50:05.336647	0.681152
08-Oct-20  17:50:05.336747	1.032715
08-Oct-20  17:50:05.336847	1.379395
08-Oct-20  17:50:05.336947	1.726074
08-Oct-20  17:50:05.337047	2.077637
08-Oct-20  17:50:05.337147	2.424316
08-Oct-20  17:50:05.337247	2.770996
08-Oct-20  17:50:05.337347	3.122559
08-Oct-20  17:50:05.337447	3.469238
08-Oct-20  17:50:05.337547	-3.581543
08-Oct-20  17:50:05.337647	-3.232422
08-Oct-20  17:50:05.337747	-2.883301
08-Oct-20  17:50:05.337847	-2.534180
08-Oct-20  17:50:05.337947	-2.182617
08-Oct-20  17:50:05.338047	-1.838379
08-Oct-20  17:50:05.338147	-1.491699
08-Oct-20  17:50:05.338247	-1.140137
08-Oct-20  17:50:05.338347	-0.791016
08-Oct-20  17:50:05.338447	-0.446777
08-Oct-20  17:50:05.338547	-0.095215
08-Oct-20  17:50:05.338647	0.251465
08-Oct-20  17:50:05.338747	0.605469
08-Oct-20  17:50:05.338847	0.949707
08-Oct-20  17:50:05.338947	1.296387
08-Oct-20  17:50:05.339047	1.647949
08-Oct-20  17:50:05.339147	1.994629
08-Oct-20  17:50:05.339247	2.346191
08-Oct-20  17:50:05.339347	2.692871
08-Oct-20  17:50:05.339447	3.039551
08-Oct-20  17:50:05.339547	3.391113
08-Oct-20  17:50:05.339647	-3.657227
08-Oct-20  17:50:05.339747	-3.310547
08-Oct-20  17:50:05.339847	-2.966309
08-Oct-20  17:50:05.339947	-2.614746
08-Oct-20  17:50:05.340047	-2.268066
08-Oct-20  17:50:05.340147	-1.921387
08-Oct-20  17:50:05.340247	-1.569824
08-Oct-20  17:50:05.340347	-1.223145
08-Oct-20  17:50:05.340447	-0.871582
08-Oct-20  17:50:05.340547	-0.524902
08-Oct-20  17:50:05.340647	-0.178223
08-Oct-20  17:50:05.340747	0.173340
08-Oct-20  17:50:05.340847	0.520020
08-Oct-20  17:50:05.340947	0.866699
08-Oct-20  17:50:05.341047	1.218262
08-Oct-20  17:50:05.341147	1.564941
08-Oct-20  17:50:05.341247	1.916504
08-Oct-20  17:50:05.341347	2.263184
08-Oct-20  17:50:05.341447	2.609863
08-Oct-20  17:50:05.341547	2.961426
08-Oct-20  17:50:05.341647	3.308105
08-Oct-20  17:50:05.341747	3.659668
08-Oct-20  17:50:05.341847	-3.395996
08-Oct-20  17:50:05.341947	-3.041992
08-Oct-20  17:50:05.342047	-2.697754
08-Oct-20  17:50:05.342147	-2.343750
08-Oct-20  17:50:05.342247	-1.999512
08-Oct-20  17:50:05.342347	-1.652832
08-Oct-20  17:50:05.342447	-1.301270
08-Oct-20  17:50:05.342547	-0.954590
08-Oct-20  17:50:05.342647	-0.607910
08-Oct-20  17:50:05.342747	-0.256348
08-Oct-20  17:50:05.342847	0.090332
08-Oct-20  17:50:05.342947	0.441895
08-Oct-20  17:50:05.343047	0.788574
08-Oct-20  17:50:05.343147	1.135254
08-Oct-20  17:50:05.343247	1.486816
08-Oct-20  17:50:05.343347	1.833496
08-Oct-20  17:50:05.343447	2.185059
08-Oct-20  17:50:05.343547	2.531738
08-Oct-20  17:50:05.343647	2.878418
08-Oct-20  17:50:05.343747	3.229980
08-Oct-20  17:50:05.343847	3.576660
08-Oct-20  17:50:05.343947	-3.474121
08-Oct-20  17:50:05.344047	-3.125000
08-Oct-20  17:50:05.344147	-2.775879
08-Oct-20  17:50:05.344247	-2.426758
08-Oct-20  17:50:05.344347	-2.082520
08-Oct-20  17:50:05.344447	-1.728516
08-Oct-20  17:50:05.344547	-1.384277
08-Oct-20  17:50:05.344647	-1.032715
08-Oct-20  17:50:05.344747	-0.686035
08-Oct-20  17:50:05.344847	-0.339355
08-Oct-20  17:50:05.344947	0.012207
08-Oct-20  17:50:05.345047	0.358887
08-Oct-20  17:50:05.345147	0.705566
08-Oct-20  17:50:05.345247	1.057129
08-Oct-20  17:50:05.345347	1.403809
08-Oct-20  17:50:05.345447	1.755371
08-Oct-20  17:50:05.345547	2.102051
08-Oct-20  17:50:05.345647	2.448730
08-Oct-20  17:50:05.345747	2.800293
08-Oct-20  17:50:05.345847	3.146973
08-Oct-20  17:50:05.345947	3.498535
08-Oct-20  17:50:05.346047	-3.554687
08-Oct-20  17:50:05.346147	-3.203125
08-Oct-20  17:50:05.346247	-2.858887
08-Oct-20  17:50:05.346347	-2.504883
08-Oct-20  17:50:05.346447	-2.160645
08-Oct-20  17:50:05.346547	-1.813965
08-Oct-20  17:50:05.346647	-1.462402
08-Oct-20  17:50:05.346747	-1.115723
08-Oct-20  17:50:05.346847	-0.769043
08-Oct-20  17:50:05.346947	-0.417480
08-Oct-20  17:50:05.347047	-0.070801
08-Oct-20  17:50:05.347147	0.280762
08-Oct-20  17:50:05.347247	0.627441
08-Oct-20  17:50:05.347347	0.974121
08-Oct-20  17:50:05.347447	1.325684
08-Oct-20  17:50:05.347547	1.672363
08-Oct-20  17:50:05.347647	2.019043
08-Oct-20  17:50:05.347747	2.368164
08-Oct-20  17:50:05.347847	2.717285
08-Oct-20  17:50:05.347947	3.068848
08-Oct-20  17:50:05.348047	3.415527
08-Oct-20  17:50:05.348147	-3.632812
08-Oct-20  17:50:05.348247	-3.286133
08-Oct-20  17:50:05.348347	-2.937012
08-Oct-20  17:50:05.348447	-2.587891
08-Oct-20  17:50:05.348547	-2.243652
08-Oct-20  17:50:05.348647	-1.889648
08-Oct-20  17:50:05.348747	-1.545410
08-Oct-20  17:50:05.348847	-1.193848
08-Oct-20  17:50:05.348947	-0.847168
08-Oct-20  17:50:05.349047	-0.500488
08-Oct-20  17:50:05.349147	-0.148926
08-Oct-20  17:50:05.349247	0.197754
08-Oct-20  17:50:05.349347	0.544434
08-Oct-20  17:50:05.349447	0.895996
08-Oct-20  17:50:05.349547	1.242676
08-Oct-20  17:50:05.349647	1.594238
08-Oct-20  17:50:05.349747	1.940918
08-Oct-20  17:50:05.349847	2.287598
08-Oct-20  17:50:05.349947	2.639160
08-Oct-20  17:50:05.350047	2.985840
08-Oct-20  17:50:05.350147	3.332520
08-Oct-20  17:50:05.350247	3.684082
08-Oct-20  17:50:05.350347	-3.364258
08-Oct-20  17:50:05.350447	-3.017578
08-Oct-20  17:50:05.350547	-2.670898
08-Oct-20  17:50:05.350647	-2.321777
08-Oct-20  17:50:05.350747	-1.972656
08-Oct-20  17:50:05.350847	-1.623535
08-Oct-20  17:50:05.350947	-1.274414
08-Oct-20  17:50:05.351047	-0.930176
08-Oct-20  17:50:05.351147	-0.578613
08-Oct-20  17:50:05.351247	-0.231934
08-Oct-20  17:50:05.351347	0.119629
08-Oct-20  17:50:05.351447	0.468750
08-Oct-20  17:50:05.351547	0.812988
08-Oct-20  17:50:05.351647	1.164551
08-Oct-20  17:50:05.351747	1.511230
08-Oct-20  17:50:05.351847	1.857910
08-Oct-20  17:50:05.351947	2.209473
08-Oct-20  17:50:05.352047	2.556152
08-Oct-20  17:50:05.352147	2.907715
08-Oct-20  17:50:05.352247	3.254395
08-Oct-20  17:50:05.352347	3.601074
08-Oct-20  17:50:05.352447	-3.447266
08-Oct-20  17:50:05.352547	-3.098145
08-Oct-20  17:50:05.352647	-2.749023
08-Oct-20  17:50:05.352747	-2.404785
08-Oct-20  17:50:05.352847	-2.053223
08-Oct-20  17:50:05.352947	-1.706543
08-Oct-20  17:50:05.353047	-1.359863
08-Oct-20  17:50:05.353147	-1.008301
08-Oct-20  17:50:05.353247	-0.661621
08-Oct-20  17:50:05.353347	-0.310059
08-Oct-20  17:50:05.353447	0.036621
08-Oct-20  17:50:05.353547	0.383301
08-Oct-20  17:50:05.353647	0.734863
08-Oct-20  17:50:05.353747	1.081543
08-Oct-20  17:50:05.353847	1.430664
08-Oct-20  17:50:05.353947	1.779785
08-Oct-20  17:50:05.354047	2.126465
08-Oct-20  17:50:05.354147	2.478027
08-Oct-20  17:50:05.354247	2.824707
08-Oct-20  17:50:05.354347	3.171387
08-Oct-20  17:50:05.354447	3.522949
08-Oct-20  17:50:05.354547	-3.525391
08-Oct-20  17:50:05.354647	-3.178711
08-Oct-20  17:50:05.354747	-2.834473
08-Oct-20  17:50:05.354847	-2.482910
08-Oct-20  17:50:05.354947	-2.136230
08-Oct-20  17:50:05.355047	-1.782227
08-Oct-20  17:50:05.355147	-1.437988
08-Oct-20  17:50:05.355247	-1.088867
08-Oct-20  17:50:05.355347	-0.739746
08-Oct-20  17:50:05.355447	-0.393066
08-Oct-20  17:50:05.355547	-0.046387
08-Oct-20  17:50:05.355647	0.305176
08-Oct-20  17:50:05.355747	0.651855
08-Oct-20  17:50:05.355847	1.003418
08-Oct-20  17:50:05.355947	1.350098
08-Oct-20  17:50:05.356047	1.696777
08-Oct-20  17:50:05.356147	2.048340
08-Oct-20  17:50:05.356247	2.395020
08-Oct-20  17:50:05.356347	2.746582
08-Oct-20  17:50:05.356447	3.093262
08-Oct-20  17:50:05.356547	3.439941
08-Oct-20  17:50:05.356647	-3.608398
08-Oct-20  17:50:05.356747	-3.259277
08-Oct-20  17:50:05.356847	-2.912598
08-Oct-20  17:50:05.356947	-2.563477
08-Oct-20  17:50:05.357047	-2.214355
08-Oct-20  17:50:05.357147	-1.865234
08-Oct-20  17:50:05.357247	-1.520996
08-Oct-20  17:50:05.357347	-1.169434
08-Oct-20  17:50:05.357447	-0.822754
08-Oct-20  17:50:05.357547	-0.471191
08-Oct-20  17:50:05.357647	-0.124512
08-Oct-20  17:50:05.357747	0.222168
08-Oct-20  17:50:05.357847	0.573730
08-Oct-20  17:50:05.357947	0.920410
08-Oct-20  17:50:05.358047	1.267090
08-Oct-20  17:50:05.358147	1.618652
08-Oct-20  17:50:05.358247	1.965332
08-Oct-20  17:50:05.358347	2.316895
08-Oct-20  17:50:05.358447	2.663574
08-Oct-20  17:50:05.358547	3.010254
08-Oct-20  17:50:05.358647	3.361816
08-Oct-20  17:50:05.358747	-3.686523
08-Oct-20  17:50:05.358847	-3.342285
08-Oct-20  17:50:05.358947	-2.993164
08-Oct-20  17:50:05.359047	-2.644043
08-Oct-20  17:50:05.359147	-2.297363
08-Oct-20  17:50:05.359247	-1.945801
08-Oct-20  17:50:05.359347	-1.599121
08-Oct-20  17:50:05.359447	-1.250000
08-Oct-20  17:50:05.359547	-0.900879
08-Oct-20  17:50:05.359647	-0.554199
08-Oct-20  17:50:05.359747	-0.207520
08-Oct-20  17:50:05.359847	0.144043
08-Oct-20  17:50:05.359947	0.490723
08-Oct-20  17:50:05.360047	0.842285
08-Oct-20  17:50:05.360147	1.188965
08-Oct-20  17:50:05.360247	1.535645
08-Oct-20  17:50:05.360347	1.887207
08-Oct-20  17:50:05.360447	2.233887
08-Oct-20  17:50:05.360547	2.580566
08-Oct-20  17:50:05.360647	2.932129
08-Oct-20  17:50:05.360747	3.278809
08-Oct-20  17:50:05.360847	3.630371
08-Oct-20  17:50:05.360947	-3.422852
08-Oct-20  17:50:05.361047	-3.073730
08-Oct-20  17:50:05.361147	-2.724609
08-Oct-20  17:50:05.361247	-2.375488
08-Oct-20  17:50:05.361347	-2.026367
08-Oct-20  17:50:05.361447	-1.682129
08-Oct-20  17:50:05.361547	-1.330566
08-Oct-20  17:50:05.361647	-0.983887
08-Oct-20  17:50:05.361747	-0.629883
08-Oct-20  17:50:05.361847	-0.285645
08-Oct-20  17:50:05.361947	0.061035
08-Oct-20  17:50:05.362047	0.412598
08-Oct-20  17:50:05.362147	0.759277
08-Oct-20  17:50:05.362247	1.105957
08-Oct-20  17:50:05.362347	1.457520
08-Oct-20  17:50:05.362447	1.804199
08-Oct-20  17:50:05.362547	2.155762
08-Oct-20  17:50:05.362647	2.502441
08-Oct-20  17:50:05.362747	2.849121
08-Oct-20  17:50:05.362847	3.200684
08-Oct-20  17:50:05.362947	3.547363
08-Oct-20  17:50:05.363047	-3.500977
08-Oct-20  17:50:05.363147	-3.154297
08-Oct-20  17:50:05.363247	-2.802734
08-Oct-20  17:50:05.363347	-2.456055
08-Oct-20  17:50:05.363447	-2.106934
08-Oct-20  17:50:05.363547	-1.760254
08-Oct-20  17:50:05.363647	-1.411133
08-Oct-20  17:50:05.363747	-1.062012
08-Oct-20  17:50:05.363847	-0.715332
08-Oct-20  17:50:05.363947	-0.368652
08-Oct-20  17:50:05.364047	-0.017090
08-Oct-20  17:50:05.364147	0.329590
08-Oct-20  17:50:05.364247	0.681152
08-Oct-20  17:50:05.364347	1.027832
08-Oct-20  17:50:05.364447	1.374512
08-Oct-20  17:50:05.364547	1.726074
08-Oct-20  17:50:05.364647	2.072754
08-Oct-20  17:50:05.364747	2.419434
08-Oct-20  17:50:05.364847	2.770996
08-Oct-20  17:50:05.364947	3.117676
08-Oct-20  17:50:05.365047	3.469238
08-Oct-20  17:50:05.365147	-3.583984
08-Oct-20  17:50:05.365247	-3.234863
08-Oct-20  17:50:05.365347	-2.888184
08-Oct-20  17:50:05.365447	-2.536621
08-Oct-20  17:50:05.365547	-2.189941
08-Oct-20  17:50:05.365647	-1.843262
08-Oct-20  17:50:05.365747	-1.491699
08-Oct-20  17:50:05.365847	-1.145020
08-Oct-20  17:50:05.365947	-0.793457
08-Oct-20  17:50:05.366047	-0.446777
08-Oct-20  17:50:05.366147	-0.100098
08-Oct-20  17:50:05.366247	0.251465
08-Oct-20  17:50:05.366347	0.598145
08-Oct-20  17:50:05.366447	0.944824
08-Oct-20  17:50:05.366547	1.296387
08-Oct-20  17:50:05.366647	1.643066
08-Oct-20  17:50:05.366747	1.994629
08-Oct-20  17:50:05.366847	2.341309
08-Oct-20  17:50:05.366947	2.687988
08-Oct-20  17:50:05.367047	3.039551
08-Oct-20  17:50:05.367147	3.386230
08-Oct-20  17:50:05.367247	-3.662109
08-Oct-20  17:50:05.367347	-3.315430
08-Oct-20  17:50:05.367447	-2.966309
08-Oct-20  17:50:05.367547	-2.619629
08-Oct-20  17:50:05.367647	-2.272949
08-Oct-20  17:50:05.367747	-1.918945
08-Oct-20  17:50:05.367847	-1.574707
08-Oct-20  17:50:05.367947	-1.223145
08-Oct-20  17:50:05.368047	-0.876465
08-Oct-20  17:50:05.368147	-0.529785
08-Oct-20  17:50:05.368247	-0.178223
08-Oct-20  17:50:05.368347	0.168457
08-Oct-20  17:50:05.368447	0.520020
08-Oct-20  17:50:05.368547	0.866699
08-Oct-20  17:50:05.368647	1.213379
08-Oct-20  17:50:05.368747	1.564941
08-Oct-20  17:50:05.368847	1.911621
08-Oct-20  17:50:05.368947	2.258301
08-Oct-20  17:50:05.369047	2.609863
08-Oct-20  17:50:05.369147	2.956543
08-Oct-20  17:50:05.369247	3.305664
08-Oct-20  17:50:05.369347	3.654785
08-Oct-20  17:50:05.369447	-3.395996
08-Oct-20  17:50:05.369547	-3.049316
08-Oct-20  17:50:05.369647	-2.697754
08-Oct-20  17:50:05.369747	-2.351074
08-Oct-20  17:50:05.369847	-2.004395
08-Oct-20  17:50:05.369947	-1.652832
08-Oct-20  17:50:05.370047	-1.303711
08-Oct-20  17:50:05.370147	-0.959473
08-Oct-20  17:50:05.370247	-0.607910
08-Oct-20  17:50:05.370347	-0.261230
08-Oct-20  17:50:05.370447	0.090332
08-Oct-20  17:50:05.370547	0.437012
08-Oct-20  17:50:05.370647	0.783691
08-Oct-20  17:50:05.370747	1.135254
08-Oct-20  17:50:05.370847	1.481934
08-Oct-20  17:50:05.370947	1.833496
08-Oct-20  17:50:05.371047	2.180176
08-Oct-20  17:50:05.371147	2.526855
08-Oct-20  17:50:05.371247	2.878418
08-Oct-20  17:50:05.371347	3.225098
08-Oct-20  17:50:05.371447	3.571777
08-Oct-20  17:50:05.371547	-3.476562
08-Oct-20  17:50:05.371647	-3.125000
08-Oct-20  17:50:05.371747	-2.780762
08-Oct-20  17:50:05.371847	-2.434082
08-Oct-20  17:50:05.371947	-2.080078
08-Oct-20  17:50:05.372047	-1.735840
08-Oct-20  17:50:05.372147	-1.384277
08-Oct-20  17:50:05.372247	-1.037598
08-Oct-20  17:50:05.372347	-0.690918
08-Oct-20  17:50:05.372447	-0.339355
08-Oct-20  17:50:05.372547	0.007324
08-Oct-20  17:50:05.372647	0.354004
08-Oct-20  17:50:05.372747	0.705566
08-Oct-20  17:50:05.372847	1.052246
08-Oct-20  17:50:05.372947	1.403809
08-Oct-20  17:50:05.373047	1.750488
08-Oct-20  17:50:05.373147	2.097168
08-Oct-20  17:50:05.373247	2.448730
08-Oct-20  17:50:05.373347	2.795410
08-Oct-20  17:50:05.373447	3.146973
08-Oct-20  17:50:05.373547	3.493652
08-Oct-20  17:50:05.373647	-3.554687
08-Oct-20  17:50:05.373747	-3.210449
08-Oct-20  17:50:05.373847	-2.856445
08-Oct-20  17:50:05.373947	-2.509766
08-Oct-20  17:50:05.374047	-2.165527
08-Oct-20  17:50:05.374147	-1.813965
08-Oct-20  17:50:05.374247	-1.464844
08-Oct-20  17:50:05.374347	-1.120605
08-Oct-20  17:50:05.374447	-0.769043
08-Oct-20  17:50:05.374547	-0.422363
08-Oct-20  17:50:05.374647	-0.070801
08-Oct-20  17:50:05.374747	0.275879
08-Oct-20  17:50:05.374847	0.622559
08-Oct-20  17:50:05.374947	0.974121
08-Oct-20  17:50:05.375047	1.320801
08-Oct-20  17:50:05.375147	1.667480
08-Oct-20  17:50:05.375247	2.019043
08-Oct-20  17:50:05.375347	2.365723
08-Oct-20  17:50:05.375447	2.717285
08-Oct-20  17:50:05.375547	3.063965
08-Oct-20  17:50:05.375647	3.410645
08-Oct-20  17:50:05.375747	-3.637695
08-Oct-20  17:50:05.375847	-3.286133
08-Oct-20  17:50:05.375947	-2.941895
08-Oct-20  17:50:05.376047	-2.595215
08-Oct-20  17:50:05.376147	-2.243652
08-Oct-20  17:50:05.376247	-1.894531
08-Oct-20  17:50:05.376347	-1.545410
08-Oct-20  17:50:05.376447	-1.198730
08-Oct-20  17:50:05.376547	-0.852051
08-Oct-20  17:50:05.376647	-0.500488
08-Oct-20  17:50:05.376747	-0.151367
08-Oct-20  17:50:05.376847	0.192871
08-Oct-20  17:50:05.376947	0.544434
08-Oct-20  17:50:05.377047	0.891113
08-Oct-20  17:50:05.377147	1.242676
08-Oct-20  17:50:05.377247	1.589355
08-Oct-20  17:50:05.377347	1.936035
08-Oct-20  17:50:05.377447	2.287598
08-Oct-20  17:50:05.377547	2.634277
08-Oct-20  17:50:05.377647	2.980957
08-Oct-20  17:50:05.377747	3.332520
08-Oct-20  17:50:05.377847	3.679199
08-Oct-20  17:50:05.377947	-3.369141
08-Oct-20  17:50:05.378047	-3.022461
08-Oct-20  17:50:05.378147	-2.673340
08-Oct-20  17:50:05.378247	-2.324219
08-Oct-20  17:50:05.378347	-1.975098
08-Oct-20  17:50:05.378447	-1.628418
08-Oct-20  17:50:05.378547	-1.281738
08-Oct-20  17:50:05.378647	-0.927734
08-Oct-20  17:50:05.378747	-0.583496
08-Oct-20  17:50:05.378847	-0.231934
08-Oct-20  17:50:05.378947	0.114746
08-Oct-20  17:50:05.379047	0.461426
08-Oct-20  17:50:05.379147	0.812988
08-Oct-20  17:50:05.379247	1.159668
08-Oct-20  17:50:05.379347	1.506348
08-Oct-20  17:50:05.379447	1.857910
08-Oct-20  17:50:05.379547	2.204590
08-Oct-20  17:50:05.379647	2.556152
08-Oct-20  17:50:05.379747	2.902832
08-Oct-20  17:50:05.379847	3.249512
08-Oct-20  17:50:05.379947	3.601074
08-Oct-20  17:50:05.380047	-3.447266
08-Oct-20  17:50:05.380147	-3.103027
08-Oct-20  17:50:05.380247	-2.756348
08-Oct-20  17:50:05.380347	-2.402344
08-Oct-20  17:50:05.380447	-2.058105
08-Oct-20  17:50:05.380547	-1.711426
08-Oct-20  17:50:05.380647	-1.359863
08-Oct-20  17:50:05.380747	-1.013184
08-Oct-20  17:50:05.380847	-0.661621
08-Oct-20  17:50:05.380947	-0.314941
08-Oct-20  17:50:05.381047	0.031738
08-Oct-20  17:50:05.381147	0.383301
08-Oct-20  17:50:05.381247	0.729980
08-Oct-20  17:50:05.381347	1.081543
08-Oct-20  17:50:05.381447	1.428223
08-Oct-20  17:50:05.381547	1.774902
08-Oct-20  17:50:05.381647	2.126465
08-Oct-20  17:50:05.381747	2.473145
08-Oct-20  17:50:05.381847	2.819824
08-Oct-20  17:50:05.381947	3.171387
08-Oct-20  17:50:05.382047	3.518066
08-Oct-20  17:50:05.382147	-3.530273
08-Oct-20  17:50:05.382247	-3.183594
08-Oct-20  17:50:05.382347	-2.834473
08-Oct-20  17:50:05.382447	-2.487793
08-Oct-20  17:50:05.382547	-2.136230
08-Oct-20  17:50:05.382647	-1.789551
08-Oct-20  17:50:05.382747	-1.442871
08-Oct-20  17:50:05.382847	-1.091309
08-Oct-20  17:50:05.382947	-0.744629
08-Oct-20  17:50:05.383047	-0.397949
08-Oct-20  17:50:05.383147	-0.046387
08-Oct-20  17:50:05.383247	0.300293
08-Oct-20  17:50:05.383347	0.651855
08-Oct-20  17:50:05.383447	0.998535
08-Oct-20  17:50:05.383547	1.345215
08-Oct-20  17:50:05.383647	1.696777
08-Oct-20  17:50:05.383747	2.043457
08-Oct-20  17:50:05.383847	2.395020
08-Oct-20  17:50:05.383947	2.741699
08-Oct-20  17:50:05.384047	3.088379
08-Oct-20  17:50:05.384147	3.439941
08-Oct-20  17:50:05.384247	-3.608398
08-Oct-20  17:50:05.384347	-3.264160
08-Oct-20  17:50:05.384447	-2.917480
08-Oct-20  17:50:05.384547	-2.565918
08-Oct-20  17:50:05.384647	-2.216797
08-Oct-20  17:50:05.384747	-1.872559
08-Oct-20  17:50:05.384847	-1.520996
08-Oct-20  17:50:05.384947	-1.174316
08-Oct-20  17:50:05.385047	-0.820312
08-Oct-20  17:50:05.385147	-0.476074
08-Oct-20  17:50:05.385247	-0.129395
08-Oct-20  17:50:05.385347	0.222168
08-Oct-20  17:50:05.385447	0.571289
08-Oct-20  17:50:05.385547	0.920410
08-Oct-20  17:50:05.385647	1.267090
08-Oct-20  17:50:05.385747	1.613770
08-Oct-20  17:50:05.385847	1.965332
08-Oct-20  17:50:05.385947	2.312012
08-Oct-20  17:50:05.386047	2.658691
08-Oct-20  17:50:05.386147	3.010254
08-Oct-20  17:50:05.386247	3.356934
08-Oct-20  17:50:05.386347	-3.691406
08-Oct-20  17:50:05.386447	-3.344727
08-Oct-20  17:50:05.386547	-2.993164
08-Oct-20  17:50:05.386647	-2.648926
08-Oct-20  17:50:05.386747	-2.297363
08-Oct-20  17:50:05.386847	-1.950684
08-Oct-20  17:50:05.386947	-1.604004
08-Oct-20  17:50:05.387047	-1.252441
08-Oct-20  17:50:05.387147	-0.905762
08-Oct-20  17:50:05.387247	-0.559082
08-Oct-20  17:50:05.387347	-0.207520
08-Oct-20  17:50:05.387447	0.139160
08-Oct-20  17:50:05.387547	0.490723
08-Oct-20  17:50:05.387647	0.837402
08-Oct-20  17:50:05.387747	1.184082
08-Oct-20  17:50:05.387847	1.535645
08-Oct-20  17:50:05.387947	1.882324
08-Oct-20  17:50:05.388047	2.233887
08-Oct-20  17:50:05.388147	2.580566
08-Oct-20  17:50:05.388247	2.927246
08-Oct-20  17:50:05.388347	3.278809
08-Oct-20  17:50:05.388447	3.625488
08-Oct-20  17:50:05.388547	-3.422852
08-Oct-20  17:50:05.388647	-3.078613
08-Oct-20  17:50:05.388747	-2.727051
08-Oct-20  17:50:05.388847	-2.377930
08-Oct-20  17:50:05.388947	-2.031250
08-Oct-20  17:50:05.389047	-1.682129
08-Oct-20  17:50:05.389147	-1.335449
08-Oct-20  17:50:05.389247	-0.983887
08-Oct-20  17:50:05.389347	-0.634766
08-Oct-20  17:50:05.389447	-0.290527
08-Oct-20  17:50:05.389547	0.061035
08-Oct-20  17:50:05.389647	0.407715
08-Oct-20  17:50:05.389747	0.754395
08-Oct-20  17:50:05.389847	1.105957
08-Oct-20  17:50:05.389947	1.452637
08-Oct-20  17:50:05.390047	1.804199
08-Oct-20  17:50:05.390147	2.150879
08-Oct-20  17:50:05.390247	2.497559
08-Oct-20  17:50:05.390347	2.849121
08-Oct-20  17:50:05.390447	3.195801
08-Oct-20  17:50:05.390547	3.547363
08-Oct-20  17:50:05.390647	-3.505859
08-Oct-20  17:50:05.390747	-3.154297
08-Oct-20  17:50:05.390847	-2.810059
08-Oct-20  17:50:05.390947	-2.456055
08-Oct-20  17:50:05.391047	-2.111816
08-Oct-20  17:50:05.391147	-1.765137
08-Oct-20  17:50:05.391247	-1.411133
08-Oct-20  17:50:05.391347	-1.066895
08-Oct-20  17:50:05.391447	-0.720215
08-Oct-20  17:50:05.391547	-0.368652
08-Oct-20  17:50:05.391647	-0.021973
08-Oct-20  17:50:05.391747	0.329590
08-Oct-20  17:50:05.391847	0.676270
08-Oct-20  17:50:05.391947	1.022949
08-Oct-20  17:50:05.392047	1.374512
08-Oct-20  17:50:05.392147	1.721191
08-Oct-20  17:50:05.392247	2.067871
08-Oct-20  17:50:05.392347	2.419434
08-Oct-20  17:50:05.392447	2.766113
08-Oct-20  17:50:05.392547	3.117676
08-Oct-20  17:50:05.392647	3.464355
08-Oct-20  17:50:05.392747	-3.583984
08-Oct-20  17:50:05.392847	-3.237305
08-Oct-20  17:50:05.392947	-2.888184
08-Oct-20  17:50:05.393047	-2.541504
08-Oct-20  17:50:05.393147	-2.194824
08-Oct-20  17:50:05.393247	-1.843262
08-Oct-20  17:50:05.393347	-1.496582
08-Oct-20  17:50:05.393447	-1.145020
08-Oct-20  17:50:05.393547	-0.795898
08-Oct-20  17:50:05.393647	-0.451660
08-Oct-20  17:50:05.393747	-0.100098
08-Oct-20  17:50:05.393847	0.246582
08-Oct-20  17:50:05.393947	0.595703
08-Oct-20  17:50:05.394047	0.944824
08-Oct-20  17:50:05.394147	1.291504
08-Oct-20  17:50:05.394247	1.643066
08-Oct-20  17:50:05.394347	1.989746
08-Oct-20  17:50:05.394447	2.336426
08-Oct-20  17:50:05.394547	2.687988
08-Oct-20  17:50:05.394647	3.034668
08-Oct-20  17:50:05.394747	3.381348
08-Oct-20  17:50:05.394847	-3.666992
08-Oct-20  17:50:05.394947	-3.315430
08-Oct-20  17:50:05.395047	-2.971191
08-Oct-20  17:50:05.395147	-2.624512
08-Oct-20  17:50:05.395247	-2.272949
08-Oct-20  17:50:05.395347	-1.923828
08-Oct-20  17:50:05.395447	-1.574707
08-Oct-20  17:50:05.395547	-1.228027
08-Oct-20  17:50:05.395647	-0.881348
08-Oct-20  17:50:05.395747	-0.529785
08-Oct-20  17:50:05.395847	-0.183105
08-Oct-20  17:50:05.395947	0.168457
08-Oct-20  17:50:05.396047	0.515137
08-Oct-20  17:50:05.396147	0.861816
08-Oct-20  17:50:05.396247	1.213379
08-Oct-20  17:50:05.396347	1.560059
08-Oct-20  17:50:05.396447	1.906738
08-Oct-20  17:50:05.396547	2.258301
08-Oct-20  17:50:05.396647	2.604980
08-Oct-20  17:50:05.396747	2.956543
08-Oct-20  17:50:05.396847	3.300781
08-Oct-20  17:50:05.396947	3.649902
08-Oct-20  17:50:05.397047	-3.398437
08-Oct-20  17:50:05.397147	-3.049316
08-Oct-20  17:50:05.397247	-2.700195
08-Oct-20  17:50:05.397347	-2.353516
08-Oct-20  17:50:05.397447	-2.004395
08-Oct-20  17:50:05.397547	-1.657715
08-Oct-20  17:50:05.397647	-1.311035
08-Oct-20  17:50:05.397747	-0.959473
08-Oct-20  17:50:05.397847	-0.612793
08-Oct-20  17:50:05.397947	-0.261230
08-Oct-20  17:50:05.398047	0.085449
08-Oct-20  17:50:05.398147	0.434570
08-Oct-20  17:50:05.398247	0.783691
08-Oct-20  17:50:05.398347	1.130371
08-Oct-20  17:50:05.398447	1.481934
08-Oct-20  17:50:05.398547	1.828613
08-Oct-20  17:50:05.398647	2.175293
08-Oct-20  17:50:05.398747	2.526855
08-Oct-20  17:50:05.398847	2.873535
08-Oct-20  17:50:05.398947	3.220215
08-Oct-20  17:50:05.399047	3.571777
08-Oct-20  17:50:05.399147	-3.476562
08-Oct-20  17:50:05.399247	-3.129883
08-Oct-20  17:50:05.399347	-2.785645
08-Oct-20  17:50:05.399447	-2.434082
08-Oct-20  17:50:05.399547	-2.084961
08-Oct-20  17:50:05.399647	-1.735840
08-Oct-20  17:50:05.399747	-1.389160
08-Oct-20  17:50:05.399847	-1.042480
08-Oct-20  17:50:05.399947	-0.690918
08-Oct-20  17:50:05.400047	-0.344238
08-Oct-20  17:50:05.400147	0.002441
08-Oct-20  17:50:05.400247	0.354004
08-Oct-20  17:50:05.400347	0.700684
08-Oct-20  17:50:05.400447	1.052246
08-Oct-20  17:50:05.400547	1.398926
08-Oct-20  17:50:05.400647	1.745605
08-Oct-20  17:50:05.400747	2.097168
08-Oct-20  17:50:05.400847	2.443848
08-Oct-20  17:50:05.400947	2.795410
08-Oct-20  17:50:05.401047	3.142090
08-Oct-20  17:50:05.401147	3.488770
08-Oct-20  17:50:05.401247	-3.562012
08-Oct-20  17:50:05.401347	-3.210449
08-Oct-20  17:50:05.401447	-2.863770
08-Oct-20  17:50:05.401547	-2.514648
08-Oct-20  17:50:05.401647	-2.165527
08-Oct-20  17:50:05.401747	-1.818848
08-Oct-20  17:50:05.401847	-1.472168
08-Oct-20  17:50:05.401947	-1.120605
08-Oct-20  17:50:05.402047	-0.773926
08-Oct-20  17:50:05.402147	-0.422363
08-Oct-20  17:50:05.402247	-0.075684
08-Oct-20  17:50:05.402347	0.270996
08-Oct-20  17:50:05.402447	0.622559
08-Oct-20  17:50:05.402547	0.969238
08-Oct-20  17:50:05.402647	1.315918
08-Oct-20  17:50:05.402747	1.667480
08-Oct-20  17:50:05.402847	2.014160
08-Oct-20  17:50:05.402947	2.365723
08-Oct-20  17:50:05.403047	2.712402
08-Oct-20  17:50:05.403147	3.059082
08-Oct-20  17:50:05.403247	3.410645
08-Oct-20  17:50:05.403347	-3.637695
08-Oct-20  17:50:05.403447	-3.291016
08-Oct-20  17:50:05.403547	-2.946777
08-Oct-20  17:50:05.403647	-2.595215
08-Oct-20  17:50:05.403747	-2.248535
08-Oct-20  17:50:05.403847	-1.894531
08-Oct-20  17:50:05.403947	-1.550293
08-Oct-20  17:50:05.404047	-1.203613
08-Oct-20  17:50:05.404147	-0.852051
08-Oct-20  17:50:05.404247	-0.505371
08-Oct-20  17:50:05.404347	-0.158691
08-Oct-20  17:50:05.404447	0.192871
08-Oct-20  17:50:05.404547	0.539551
08-Oct-20  17:50:05.404647	0.891113
08-Oct-20  17:50:05.404747	1.237793
08-Oct-20  17:50:05.404847	1.584473
08-Oct-20  17:50:05.404947	1.936035
08-Oct-20  17:50:05.405047	2.282715
08-Oct-20  17:50:05.405147	2.629395
08-Oct-20  17:50:05.405247	2.980957
08-Oct-20  17:50:05.405347	3.327637
08-Oct-20  17:50:05.405447	3.679199
08-Oct-20  17:50:05.405547	-3.374023
08-Oct-20  17:50:05.405647	-3.024902
08-Oct-20  17:50:05.405747	-2.675781
08-Oct-20  17:50:05.405847	-2.326660
08-Oct-20  17:50:05.405947	-1.979980
08-Oct-20  17:50:05.406047	-1.633301
08-Oct-20  17:50:05.406147	-1.279297
08-Oct-20  17:50:05.406247	-0.935059
08-Oct-20  17:50:05.406347	-0.583496
08-Oct-20  17:50:05.406447	-0.236816
08-Oct-20  17:50:05.406547	0.109863
08-Oct-20  17:50:05.406647	0.461426
08-Oct-20  17:50:05.406747	0.808105
08-Oct-20  17:50:05.406847	1.154785
08-Oct-20  17:50:05.406947	1.506348
08-Oct-20  17:50:05.407047	1.853027
08-Oct-20  17:50:05.407147	2.204590
08-Oct-20  17:50:05.407247	2.551270
08-Oct-20  17:50:05.407347	2.897949
08-Oct-20  17:50:05.407447	3.249512
08-Oct-20  17:50:05.407547	3.596191
08-Oct-20  17:50:05.407647	-3.452148
08-Oct-20  17:50:05.407747	-3.107910
08-Oct-20  17:50:05.407847	-2.753906
08-Oct-20  17:50:05.407947	-2.407227
08-Oct-20  17:50:05.408047	-2.055664
08-Oct-20  17:50:05.408147	-1.711426
08-Oct-20  17:50:05.408247	-1.364746
08-Oct-20  17:50:05.408347	-1.013184
08-Oct-20  17:50:05.408447	-0.666504
08-Oct-20  17:50:05.408547	-0.319824
08-Oct-20  17:50:05.408647	0.031738
08-Oct-20  17:50:05.408747	0.378418
08-Oct-20  17:50:05.408847	0.729980
08-Oct-20  17:50:05.408947	1.076660
08-Oct-20  17:50:05.409047	1.423340
08-Oct-20  17:50:05.409147	1.774902
08-Oct-20  17:50:05.409247	2.121582
08-Oct-20  17:50:05.409347	2.468262
08-Oct-20  17:50:05.409447	2.819824
08-Oct-20  17:50:05.409547	3.166504
08-Oct-20  17:50:05.409647	3.518066
08-Oct-20  17:50:05.409747	-3.535156
08-Oct-20  17:50:05.409847	-3.183594
08-Oct-20  17:50:05.409947	-2.839355
08-Oct-20  17:50:05.410047	-2.487793
08-Oct-20  17:50:05.410147	-2.141113
08-Oct-20  17:50:05.410247	-1.794434
08-Oct-20  17:50:05.410347	-1.442871
08-Oct-20  17:50:05.410447	-1.096191
08-Oct-20  17:50:05.410547	-0.744629
08-Oct-20  17:50:05.410647	-0.397949
08-Oct-20  17:50:05.410747	-0.051270
08-Oct-20  17:50:05.410847	0.300293
08-Oct-20  17:50:05.410947	0.646973
08-Oct-20  17:50:05.411047	0.993652
08-Oct-20  17:50:05.411147	1.345215
08-Oct-20  17:50:05.411247	1.691895
08-Oct-20  17:50:05.411347	2.043457
08-Oct-20  17:50:05.411447	2.390137
08-Oct-20  17:50:05.411547	2.736816
08-Oct-20  17:50:05.411647	3.088379
08-Oct-20  17:50:05.411747	3.435059
08-Oct-20  17:50:05.411847	-3.613281
08-Oct-20  17:50:05.411947	-3.269043
08-Oct-20  17:50:05.412047	-2.917480
08-Oct-20  17:50:05.412147	-2.570801
08-Oct-20  17:50:05.412247	-2.224121
08-Oct-20  17:50:05.412347	-1.870117
08-Oct-20  17:50:05.412447	-1.525879
08-Oct-20  17:50:05.412547	-1.174316
08-Oct-20  17:50:05.412647	-0.827637
08-Oct-20  17:50:05.412747	-0.480957
08-Oct-20  17:50:05.412847	-0.129395
08-Oct-20  17:50:05.412947	0.217285
08-Oct-20  17:50:05.413047	0.568848
08-Oct-20  17:50:05.413147	0.915527
08-Oct-20  17:50:05.413247	1.262207
08-Oct-20  17:50:05.413347	1.613770
08-Oct-20  17:50:05.413447	1.960449
08-Oct-20  17:50:05.413547	2.307129
08-Oct-20  17:50:05.413647	2.658691
08-Oct-20  17:50:05.413747	3.005371
08-Oct-20  17:50:05.413847	3.354492
08-Oct-20  17:50:05.413947	-3.696289
08-Oct-20  17:50:05.414047	-3.344727
08-Oct-20  17:50:05.414147	-2.998047
08-Oct-20  17:50:05.414247	-2.646484
08-Oct-20  17:50:05.414347	-2.302246
08-Oct-20  17:50:05.414447	-1.955566
08-Oct-20  17:50:05.414547	-1.604004
08-Oct-20  17:50:05.414647	-1.257324
08-Oct-20  17:50:05.414747	-0.910645
08-Oct-20  17:50:05.414847	-0.559082
08-Oct-20  17:50:05.414947	-0.212402
08-Oct-20  17:50:05.415047	0.139160
08-Oct-20  17:50:05.415147	0.485840
08-Oct-20  17:50:05.415247	0.832520
08-Oct-20  17:50:05.415347	1.184082
08-Oct-20  17:50:05.415447	1.530762
08-Oct-20  17:50:05.415547	1.882324
08-Oct-20  17:50:05.415647	2.229004
08-Oct-20  17:50:05.415747	2.575684
08-Oct-20  17:50:05.415847	2.927246
08-Oct-20  17:50:05.415947	3.273926
08-Oct-20  17:50:05.416047	3.620605
08-Oct-20  17:50:05.416147	-3.427734
08-Oct-20  17:50:05.416247	-3.078613
08-Oct-20  17:50:05.416347	-2.731934
08-Oct-20  17:50:05.416447	-2.382812
08-Oct-20  17:50:05.416547	-2.031250
08-Oct-20  17:50:05.416647	-1.687012
08-Oct-20  17:50:05.416747	-1.335449
08-Oct-20  17:50:05.416847	-0.988770
08-Oct-20  17:50:05.416947	-0.639648
08-Oct-20  17:50:05.417047	-0.290527
08-Oct-20  17:50:05.417147	0.056152
08-Oct-20  17:50:05.417247	0.402832
08-Oct-20  17:50:05.417347	0.754395
08-Oct-20  17:50:05.417447	1.101074
08-Oct-20  17:50:05.417547	1.452637
